2794 0 13
2795 4096 13
2792 2048 13
2793 6144 13
2782 1024 13
2799 5120 13
2796 3072 13
2797 7168 13
2786 512 13
2787 4608 13
2784 2560 13
2785 6656 13
2790 1536 13
2791 5632 13
2788 3584 13
2789 7680 13
2810 256 13
2811 4352 13
2808 2304 13
2809 6400 13
2752 1280 13
2753 5376 13
2812 3328 13
2767 7424 13
2802 768 13
2803 4864 13
2800 2816 13
2801 6912 13
2806 1792 13
2807 5888 13
2804 3840 13
2805 7936 13
2708 128 13
2709 4224 13
2706 2176 13
2707 6272 13
2712 1152 13
2728 5248 13
2710 3200 13
2711 7296 13
2700 640 13
2701 4736 13
2713 2688 13
2699 6784 13
2704 1664 13
2705 5760 13
2702 3712 13
2703 7808 13
2724 384 13
2725 4480 13
2761 2432 13
2723 6528 13
2798 1408 13
2783 5504 13
2726 3456 13
2727 7552 13
2716 896 13
2717 4992 13
2714 2944 13
2715 7040 13
2720 1920 13
2721 6016 13
2718 3968 13
2719 8064 13
2621 64 13
2622 4160 13
2619 2112 13
2620 6208 13
2625 1088 13
2626 5184 13
2607 3136 13
2624 7232 13
2613 576 13
2614 4672 13
2611 2624 13
2612 6720 13
2617 1600 13
2618 5696 13
2615 3648 13
2616 7744 13
2637 320 13
2592 4416 13
2635 2368 13
2636 6464 13
2580 1344 13
2581 5440 13
2578 3392 13
2579 7488 13
2629 832 13
2630 4928 13
2627 2880 13
2628 6976 13
2633 1856 13
2634 5952 13
2631 3904 13
2632 8000 13
2764 192 13
2765 4288 13
2762 2240 13
2763 6336 13
2768 1216 13
2769 5312 13
2766 3264 13
2751 7360 13
2756 704 13
2757 4800 13
2754 2752 13
2755 6848 13
2760 1728 13
2687 5824 13
2758 3776 13
2759 7872 13
2780 448 13
2781 4544 13
2778 2496 13
2779 6592 13
2609 1472 13
2610 5568 13
2623 3520 13
2608 7616 13
2772 960 13
2773 5056 13
2770 3008 13
2771 7104 13
2776 1984 13
2777 6080 13
2774 4032 13
2775 8128 13
1427 32 13
1381 4128 13
1425 2080 13
1426 6176 13
1368 1056 13
1369 5152 13
1366 3104 13
1367 7200 13
1419 544 13
1420 4640 13
1417 2592 13
1418 6688 13
1423 1568 13
1424 5664 13
1421 3616 13
1422 7712 13
1380 288 13
2063 4384 13
1378 2336 13
1379 6432 13
1384 1312 13
1385 5408 13
1382 3360 13
1383 7456 13
1372 800 13
1373 4896 13
1370 2848 13
1371 6944 13
1376 1824 13
1377 5920 13
1374 3872 13
1375 7968 13
1332 160 13
1412 4256 13
1330 2208 13
1331 6304 13
1399 1184 13
1400 5280 13
1397 3232 13
1398 7328 13
1324 672 13
1325 4768 13
1322 2720 13
1323 6816 13
1328 1696 13
1329 5792 13
1326 3744 13
1327 7840 13
1411 416 13
1396 4512 13
1409 2464 13
1410 6560 13
1415 1440 13
1416 5536 13
1413 3488 13
1414 7584 13
1403 928 13
1404 5024 13
1401 2976 13
1402 7072 13
1407 1952 13
1408 6048 13
1405 4000 13
1406 8096 13
544 96 10
547 608 10
384 352 10
543 864 10
421 224 9
520 480 10
552 992 10
481 16 10
342 528 10
484 272 10
482 784 10
540 144 10
447 656 10
391 400 10
538 912 10
507 80 10
756 592 10
288 336 10
563 848 10
417 208 10
692 720 10
311 464 10
475 976 10
557 48 10
373 560 10
497 304 10
438 816 10
505 176 10
503 688 10
620 432 10
466 944 10
2749 112 13
2729 4208 13
2750 2160 12
1394 1136 12
1395 3184 12
2748 624 12
2731 2672 12
2741 1648 12
2730 3696 12
1388 368 12
1389 2416 12
1386 1392 12
1387 3440 12
1392 880 12
1393 2928 12
1390 1904 12
1391 3952 12
2737 240 12
2738 2288 12
2722 1264 12
2736 3312 12
2745 752 12
2739 2800 12
2747 1776 12
2746 3824 12
2742 496 12
2733 2544 12
2732 1520 12
2740 3568 12
2744 1008 12
2735 3056 12
2743 2032 12
2734 4080 12
3079 8 12
3078 2056 12
3047 1032 12
3071 3080 12
3075 520 12
3074 2568 12
3077 1544 12
3076 3592 12
3053 264 12
3052 2312 12
3055 1288 12
3063 3336 12
3049 776 12
3048 2824 12
3051 1800 12
3050 3848 12
3021 136 12
3029 2184 12
3065 1160 12
3064 3208 12
3026 648 12
3025 2696 12
3028 1672 12
3027 3720 12
3046 392 12
3070 2440 12
3073 1416 12
3072 3464 12
3067 904 12
3066 2952 12
3069 1928 12
3068 3976 12
2965 72 12
2966 2120 12
3013 1096 12
2964 3144 12
2969 584 12
2970 2632 12
2967 1608 12
2968 3656 12
2952 328 12
2951 2376 12
2963 1352 12
2953 3400 12
2948 840 12
2947 2888 12
2950 1864 12
2949 3912 12
3061 200 12
3060 2248 12
3054 1224 12
3062 3272 12
3057 712 12
3056 2760 12
3059 1736 12
3058 3784 12
2973 456 12
2974 2504 12
2971 1480 12
2972 3528 12
2977 968 12
2978 3016 12
2975 1992 12
2976 4040 12
2848 40 12
2847 2088 12
2850 1064 12
2849 3112 12
2878 552 12
2877 2600 12
2871 1576 12
2879 3624 12
2856 296 12
2855 2344 12
2858 1320 12
2857 3368 12
2852 808 12
2851 2856 12
2863 1832 12
2853 3880 12
2866 168 12
2865 2216 12
2868 1192 12
2867 3240 12
2829 680 12
2828 2728 12
2864 1704 12
2821 3752 12
2874 424 12
2873 2472 12
2876 1448 12
2875 3496 12
2870 936 12
2869 2984 12
2872 1960 12
2846 4008 12
3014 104 12
2946 2152 12
3016 1128 12
3015 3176 12
3033 616 12
3034 2664 12
3031 1640 12
3032 3688 12
3022 360 12
3030 2408 12
3024 1384 12
3023 3432 12
3018 872 12
3017 2920 12
3020 1896 12
3019 3944 12
3045 232 12
2854 2280 12
3043 1256 12
3044 3304 12
2860 744 12
2859 2792 12
2862 1768 12
2861 3816 12
3037 488 12
3038 2536 12
3035 1512 12
3036 3560 12
3041 1000 12
3042 3048 12
3039 2024 12
3040 4072 12
2685 24 12
2686 2072 12
2668 1048 12
2684 3096 12
2689 536 12
2690 2584 12
2813 1560 12
2688 3608 12
2677 280 12
2678 2328 12
2675 1304 12
2676 3352 12
2681 792 12
2682 2840 12
2679 1816 12
2680 3864 12
2641 152 12
2642 2200 12
2639 1176 12
2640 3224 12
2645 664 12
2646 2712 12
2643 1688 12
2644 3736 12
2693 408 12
2694 2456 12
2691 1432 12
2692 3480 12
2697 920 12
2653 2968 12
2695 1944 12
2696 3992 12
2638 88 12
2593 2136 12
2590 1112 12
2591 3160 12
2596 600 12
2597 2648 12
2594 1624 12
2595 3672 12
2584 344 12
2585 2392 12
2582 1368 12
2583 3416 12
2588 856 12
2589 2904 12
2586 1880 12
2587 3928 12
2669 216 12
2670 2264 12
2606 1240 12
2683 3288 12
2673 728 12
2674 2776 12
2671 1752 12
2672 3800 12
2600 472 12
2601 2520 12
2598 1496 12
2599 3544 12
2604 984 12
2605 3032 12
2602 2008 12
2603 4056 12
3009 56 12
3008 2104 12
3011 1080 12
3010 3128 12
3005 568 12
2979 2616 12
3007 1592 12
3006 3640 12
2983 312 12
2982 2360 12
2985 1336 12
2984 3384 12
3004 824 12
3012 2872 12
2981 1848 12
2980 3896 12
2960 184 12
2959 2232 12
2962 1208 12
2961 3256 12
2956 696 12
2955 2744 12
2958 1720 12
2957 3768 12
3001 440 12
3000 2488 12
3003 1464 12
3002 3512 12
2997 952 12
2954 3000 12
2999 1976 12
2998 4024 12
2657 120 12
2658 2168 12
2655 1144 12
2656 3192 12
2661 632 12
2662 2680 12
2659 1656 12
2660 3704 12
2649 376 12
2650 2424 12
2647 1400 12
2648 3448 12
2698 888 12
2654 2936 12
2651 1912 12
2652 3960 12
2991 248 12
2990 2296 12
2993 1272 12
2992 3320 12
2996 760 12
2986 2808 12
2989 1784 12
2988 3832 12
2665 504 12
2666 2552 12
2663 1528 12
2664 3576 12
2995 1016 12
2994 3064 12
2667 2040 12
2987 4088 12
1297 4 12
1298 2052 12
1295 1028 12
1296 3076 12
1254 516 12
1239 2564 12
1299 1540 12
1300 3588 12
1289 260 12
1290 2308 12
1287 1284 12
1288 3332 12
1293 772 12
1294 2820 12
1291 1796 12
1292 3844 12
1250 132 12
1251 2180 12
1248 1156 12
1249 3204 12
1174 644 12
1255 2692 12
1252 1668 12
1253 3716 12
1242 388 12
1243 2436 12
1240 1412 12
1241 3460 12
1246 900 12
1247 2948 12
1244 1924 12
1245 3972 12
1202 68 12
1203 2116 12
1200 1092 12
1201 3140 12
1285 580 12
1270 2628 12
1204 1604 12
1205 3652 12
1194 324 12
1195 2372 12
1192 1348 12
1193 3396 12
1198 836 12
1199 2884 12
1196 1860 12
1197 3908 12
1281 196 12
1282 2244 12
1279 1220 12
1280 3268 12
1269 708 12
1286 2756 12
1283 1732 12
1284 3780 12
1273 452 12
1274 2500 12
1271 1476 12
1272 3524 12
1277 964 12
1278 3012 12
1275 1988 12
1276 4036 12
1108 36 12
1109 2084 12
1106 1060 12
1107 3108 12
1048 548 12
1049 2596 12
1110 1572 12
1063 3620 12
1100 292 12
1101 2340 12
1098 1316 12
1099 3364 12
1104 804 12
1105 2852 12
1102 1828 12
1103 3876 12
1060 164 12
1061 2212 12
1058 1188 12
1059 3236 12
1064 676 12
1065 2724 12
1062 1700 12
1111 3748 12
1052 420 12
1053 2468 12
1050 1444 12
1051 3492 12
1056 932 12
1057 2980 12
1054 1956 12
1055 4004 12
1266 100 12
1267 2148 12
1264 1124 12
1265 3172 12
1080 612 12
1081 2660 12
1268 1636 12
1095 3684 12
1258 356 12
1259 2404 12
1256 1380 12
1257 3428 12
1262 868 12
1263 2916 12
1260 1892 12
1261 3940 12
1092 228 12
1093 2276 12
1090 1252 12
1091 3300 12
1096 740 12
1097 2788 12
1094 1764 12
1079 3812 12
1084 484 12
1085 2532 12
1082 1508 12
1083 3556 12
1088 996 12
1089 3044 12
1086 2020 12
1087 4068 12
1931 20 12
1932 2068 12
1929 1044 12
1930 3092 12
1935 532 12
1889 2580 12
1933 1556 12
1934 3604 12
1923 276 12
1924 2324 12
1921 1300 12
1922 3348 12
1927 788 12
1928 2836 12
1925 1812 12
1926 3860 12
1884 148 12
1885 2196 12
1882 1172 12
1883 3220 12
1888 660 12
1555 2708 12
1886 1684 12
1887 3732 12
1876 404 12
1877 2452 12
1874 1428 12
1875 3476 12
1880 916 12
1881 2964 12
1878 1940 12
1879 3988 12
1836 84 12
1837 2132 12
1834 1108 12
1835 3156 12
1840 596 12
1920 2644 12
1838 1620 12
1839 3668 12
1828 340 12
1829 2388 12
1826 1364 12
1827 3412 12
1832 852 12
1833 2900 12
1830 1876 12
1831 3924 12
1915 212 12
1916 2260 12
1913 1236 12
1914 3284 12
1919 724 12
1904 2772 12
1917 1748 12
1918 3796 12
1907 468 12
1908 2516 12
1905 1492 12
1906 3540 12
1911 980 12
1912 3028 12
1909 2004 12
1910 4052 12
1234 52 12
1235 2100 12
1232 1076 12
1233 3124 12
1190 564 12
1175 2612 12
1236 1588 12
1237 3636 12
1226 308 12
1227 2356 12
1224 1332 12
1225 3380 12
1230 820 12
1231 2868 12
1228 1844 12
1229 3892 12
1186 180 12
1187 2228 12
1184 1204 12
1185 3252 12
1238 692 12
1191 2740 12
1188 1716 12
1189 3764 12
1178 436 12
1179 2484 12
1176 1460 12
1177 3508 12
1182 948 12
1183 2996 12
1180 1972 12
1181 4020 12
1900 116 12
1901 2164 12
1898 1140 12
1899 3188 12
1222 628 12
1207 2676 12
1902 1652 12
1903 3700 12
1892 372 12
1893 2420 12
1890 1396 12
1891 3444 12
1896 884 12
1897 2932 12
1894 1908 12
1895 3956 12
1218 244 12
1219 2292 12
1216 1268 12
1217 3316 12
1206 756 12
1223 2804 12
1220 1780 12
1221 3828 12
1210 500 12
1211 2548 12
1208 1524 12
1209 3572 12
1214 1012 12
1215 3060 12
1212 2036 12
1213 4084 12
1553 12 12
1554 2060 12
1551 1036 12
1552 3084 12
1494 524 12
1495 2572 12
1508 1548 12
1493 3596 12
1545 268 12
1546 2316 12
1543 1292 12
1544 3340 12
1549 780 12
1550 2828 12
1547 1804 12
1548 3852 12
1506 140 12
1507 2188 12
1504 1164 12
1505 3212 12
1510 652 12
1511 2700 12
1428 1676 12
1509 3724 12
1498 396 12
1499 2444 12
1496 1420 12
1497 3468 12
1502 908 12
1503 2956 12
1500 1932 12
1501 3980 12
1458 76 12
1459 2124 12
1456 1100 12
1457 3148 12
1525 588 12
1526 2636 12
1539 1612 12
1524 3660 12
1450 332 12
1451 2380 12
1448 1356 12
1449 3404 12
1454 844 12
1455 2892 12
1452 1868 12
1453 3916 12
1537 204 12
1538 2252 12
1535 1228 12
1536 3276 12
1541 716 12
1542 2764 12
1523 1740 12
1540 3788 12
1529 460 12
1530 2508 12
1527 1484 12
1528 3532 12
1533 972 12
1534 3020 12
1531 1996 12
1532 4044 12
1364 44 12
1317 2092 12
1362 1068 12
1363 3116 12
1304 556 12
1305 2604 12
1302 1580 12
1303 3628 12
1356 300 12
1357 2348 12
1354 1324 12
1355 3372 12
1360 812 12
1361 2860 12
1358 1836 12
1359 3884 12
1316 172 12
1365 2220 12
1314 1196 12
1315 3244 12
1320 684 12
1321 2732 12
1318 1708 12
1319 3756 12
1308 428 12
1309 2476 12
1306 1452 12
1307 3500 12
1312 940 12
1313 2988 12
1310 1964 12
1311 4012 12
1522 108 12
1349 2156 12
1520 1132 12
1521 3180 12
1336 620 12
1337 2668 12
1334 1644 12
1335 3692 12
1514 364 12
1515 2412 12
1512 1388 12
1513 3436 12
1518 876 12
1519 2924 12
1516 1900 12
1517 3948 12
1348 236 12
1333 2284 12
1346 1260 12
1347 3308 12
1352 748 12
1353 2796 12
1350 1772 12
1351 3820 12
1340 492 12
1341 2540 12
1338 1516 12
1339 3564 12
1344 1004 12
1345 3052 12
1342 2028 12
1343 4076 12
1171 28 12
1172 2076 12
1169 1052 12
1170 3100 12
1112 540 12
1113 2588 12
1173 1564 12
1127 3612 12
1163 284 12
1164 2332 12
1161 1308 12
1162 3356 12
1167 796 12
1168 2844 12
1165 1820 12
1166 3868 12
1124 156 12
1125 2204 12
1122 1180 12
1123 3228 12
1128 668 12
1129 2716 12
1126 1692 12
1301 3740 12
1116 412 12
1117 2460 12
1114 1436 12
1115 3484 12
1120 924 12
1121 2972 12
1118 1948 12
1119 3996 12
1076 92 12
1077 2140 12
1074 1116 12
1075 3164 12
1143 604 12
1144 2652 12
1078 1628 12
1158 3676 12
1068 348 12
1069 2396 12
1066 1372 12
1067 3420 12
1072 860 12
1073 2908 12
1070 1884 12
1071 3932 12
1155 220 12
1156 2268 12
1153 1244 12
1154 3292 12
1159 732 12
1160 2780 12
1157 1756 12
1142 3804 12
1147 476 12
1148 2524 12
1145 1500 12
1146 3548 12
1151 988 12
1152 3036 12
1149 2012 12
1150 4060 12
1490 60 12
1491 2108 12
1488 1084 12
1489 3132 12
1430 572 12
1431 2620 12
1444 1596 12
1429 3644 12
1482 316 12
1483 2364 12
1480 1340 12
1481 3388 12
1486 828 12
1487 2876 12
1484 1852 12
1485 3900 12
1442 188 12
1443 2236 12
1440 1212 12
1441 3260 12
1446 700 12
1447 2748 12
1492 1724 12
1445 3772 12
1434 444 12
1435 2492 12
1432 1468 12
1433 3516 12
1438 956 12
1439 3004 12
1436 1980 12
1437 4028 12
1140 124 12
1141 2172 12
1138 1148 12
1139 3196 12
1462 636 12
1463 2684 12
1476 1660 12
1461 3708 12
1132 380 12
1133 2428 12
1130 1404 12
1131 3452 12
1136 892 12
1137 2940 12
1134 1916 12
1135 3964 12
1474 252 12
1475 2300 12
1472 1276 12
1473 3324 12
1478 764 12
1479 2812 12
1460 1788 12
1477 3836 12
1466 508 12
1467 2556 12
1464 1532 12
1465 3580 12
1470 1020 12
1471 3068 12
1468 2044 12
1469 4092 12
3818 2 12
3819 2050 12
3816 1026 12
3817 3074 12
3822 514 12
3823 2562 12
3820 1538 12
3821 3586 12
3826 258 12
3811 2306 12
3745 1282 12
3746 3330 12
3814 770 12
3815 2818 12
3812 1794 12
3813 3842 12
3834 130 12
3835 2178 12
3832 1154 12
3833 3202 12
3838 642 12
3839 2690 12
3836 1666 12
3837 3714 12
3810 386 12
3827 2434 12
3824 1410 12
3825 3458 12
3830 898 12
3831 2946 12
3828 1922 12
3829 3970 12
3723 66 12
3724 2114 12
3721 1090 12
3722 3138 12
3727 578 12
3728 2626 12
3725 1602 12
3726 3650 12
3731 322 12
3716 2370 12
3777 1346 12
3778 3394 12
3719 834 12
3720 2882 12
3717 1858 12
3718 3906 12
3739 194 12
3740 2242 12
3737 1218 12
3738 3266 12
3743 706 12
3744 2754 12
3741 1730 12
3742 3778 12
3779 450 12
3732 2498 12
3729 1474 12
3730 3522 12
3735 962 12
3736 3010 12
3733 1986 12
3734 4034 12
3629 34 12
3630 2082 12
3627 1058 12
3628 3106 12
3633 546 12
3634 2594 12
3631 1570 12
3632 3618 12
3621 290 12
3622 2338 12
3809 1314 12
3636 3362 12
3625 802 12
3626 2850 12
3623 1826 12
3624 3874 12
3645 162 12
3646 2210 12
3643 1186 12
3644 3234 12
3649 674 12
3650 2722 12
3647 1698 12
3648 3746 12
3637 418 12
3638 2466 12
3635 1442 12
3620 3490 12
3641 930 12
3642 2978 12
3639 1954 12
3640 4002 12
3787 98 12
3788 2146 12
3785 1122 12
3786 3170 12
3791 610 12
3792 2658 12
3789 1634 12
3790 3682 12
3795 354 12
3780 2402 12
3840 1378 12
3841 3426 12
3783 866 12
3784 2914 12
3781 1890 12
3782 3938 12
3803 226 12
3804 2274 12
3801 1250 12
3802 3298 12
3807 738 12
3808 2786 12
3805 1762 12
3806 3810 12
3715 482 12
3796 2530 12
3793 1506 12
3794 3554 12
3799 994 12
3800 3042 12
3797 2018 12
3798 4066 12
2424 18 12
2425 2066 12
2422 1042 12
2423 3090 12
2428 530 12
2429 2578 12
2426 1554 12
2427 3602 12
2432 274 12
2417 2322 12
2350 1298 12
2351 3346 12
2420 786 12
2421 2834 12
2418 1810 12
2419 3858 12
2440 146 12
2441 2194 12
2438 1170 12
2439 3218 12
2444 658 12
2445 2706 12
2442 1682 12
2443 3730 12
2416 402 12
2433 2450 12
2430 1426 12
2431 3474 12
2436 914 12
2437 2962 12
2434 1938 12
2435 3986 12
2328 82 12
2329 2130 12
2326 1106 12
2327 3154 12
2332 594 12
2333 2642 12
2330 1618 12
2331 3666 12
2336 338 12
2321 2386 12
2382 1362 12
2383 3410 12
2324 850 12
2325 2898 12
2322 1874 12
2323 3922 12
2344 210 12
2345 2258 12
2342 1234 12
2343 3282 12
2348 722 12
2349 2770 12
2346 1746 12
2347 3794 12
2384 466 12
2337 2514 12
2334 1490 12
2335 3538 12
2340 978 12
2341 3026 12
2338 2002 12
2339 4050 12
3755 50 12
3756 2098 12
3753 1074 12
3754 3122 12
3759 562 12
3760 2610 12
3757 1586 12
3758 3634 12
3763 306 12
3748 2354 12
2414 1330 12
2415 3378 12
3751 818 12
3752 2866 12
3749 1842 12
3750 3890 12
3771 178 12
3772 2226 12
3769 1202 12
3770 3250 12
3775 690 12
3776 2738 12
3773 1714 12
3774 3762 12
3747 434 12
3764 2482 12
3761 1458 12
3762 3506 12
3767 946 12
3768 2994 12
3765 1970 12
3766 4018 12
2392 114 12
2393 2162 12
2390 1138 12
2391 3186 12
2396 626 12
2397 2674 12
2394 1650 12
2395 3698 12
2400 370 12
2385 2418 12
2446 1394 12
2447 3442 12
2388 882 12
2389 2930 12
2386 1906 12
2387 3954 12
2408 242 12
2409 2290 12
2406 1266 12
2407 3314 12
2412 754 12
2413 2802 12
2410 1778 12
2411 3826 12
2577 498 12
2401 2546 12
2398 1522 12
2399 3570 12
2404 1010 12
2405 3058 12
2402 2034 12
2403 4082 12
4074 10 12
4075 2058 12
4072 1034 12
4073 3082 12
4078 522 12
4079 2570 12
4076 1546 12
4077 3594 12
4066 266 12
4067 2314 12
4080 1290 12
4065 3338 12
4070 778 12
4071 2826 12
4068 1802 12
4069 3850 12
4090 138 12
4091 2186 12
4088 1162 12
4089 3210 12
4094 650 12
4095 2698 12
4092 1674 12
4093 3722 12
4082 394 12
4083 2442 12
4064 1418 12
4081 3466 12
4086 906 12
4087 2954 12
4084 1930 12
4085 3978 12
3979 74 12
3980 2122 12
3977 1098 12
3978 3146 12
3983 586 12
3984 2634 12
3981 1610 12
3982 3658 12
3971 330 12
3972 2378 12
3985 1354 12
3970 3402 12
3975 842 12
3976 2890 12
3973 1866 12
3974 3914 12
3995 202 12
3996 2250 12
3993 1226 12
3994 3274 12
3999 714 12
4000 2762 12
3997 1738 12
3998 3786 12
3987 458 12
3988 2506 12
4033 1482 12
3986 3530 12
3991 970 12
3992 3018 12
3989 1994 12
3990 4042 12
3885 42 12
3886 2090 12
3883 1066 12
3884 3114 12
3889 554 12
3874 2602 12
3887 1578 12
3888 3626 12
3877 298 12
3878 2346 12
3875 1322 12
3876 3370 12
3881 810 12
3882 2858 12
3879 1834 12
3880 3882 12
3901 170 12
3902 2218 12
3899 1194 12
3900 3242 12
3905 682 12
3858 2730 12
3903 1706 12
3904 3754 12
3893 426 12
3894 2474 12
3891 1450 12
3892 3498 12
3897 938 12
3898 2986 12
3895 1962 12
3896 4010 12
4043 106 12
4044 2154 12
4041 1130 12
4042 3178 12
4047 618 12
4048 2666 12
4045 1642 12
4046 3690 12
4035 362 12
4036 2410 12
4049 1386 12
4034 3434 12
4039 874 12
4040 2922 12
4037 1898 12
4038 3946 12
4059 234 12
4060 2282 12
4057 1258 12
4058 3306 12
4063 746 12
3890 2794 12
4061 1770 12
4062 3818 12
4051 490 12
4052 2538 12
3969 1514 12
4050 3562 12
4055 1002 12
4056 3050 12
4053 2026 12
4054 4074 12
3692 26 12
3693 2074 12
3690 1050 12
3691 3098 12
3696 538 12
3697 2586 12
3694 1562 12
3695 3610 12
3684 282 12
3685 2330 12
3619 1306 12
3699 3354 12
3688 794 12
3689 2842 12
3686 1818 12
3687 3866 12
3708 154 12
3709 2202 12
3706 1178 12
3707 3226 12
3712 666 12
3713 2714 12
3710 1690 12
3711 3738 12
3700 410 12
3701 2458 12
3698 1434 12
3683 3482 12
3704 922 12
3705 2970 12
3702 1946 12
3703 3994 12
3597 90 12
3598 2138 12
3595 1114 12
3596 3162 12
3601 602 12
3602 2650 12
3599 1626 12
3600 3674 12
3589 346 12
3590 2394 12
3651 1370 12
3604 3418 12
3593 858 12
3594 2906 12
3591 1882 12
3592 3930 12
3613 218 12
3614 2266 12
3611 1242 12
3612 3290 12
3617 730 12
3618 2778 12
3615 1754 12
3616 3802 12
3605 474 12
3606 2522 12
3603 1498 12
3652 3546 12
3609 986 12
3610 3034 12
3607 2010 12
3608 4058 12
4011 58 12
4012 2106 12
4009 1082 12
4010 3130 12
4015 570 12
4016 2618 12
4013 1594 12
4014 3642 12
4003 314 12
4004 2362 12
4017 1338 12
4002 3386 12
4007 826 12
4008 2874 12
4005 1850 12
4006 3898 12
4027 186 12
4028 2234 12
4025 1210 12
4026 3258 12
4031 698 12
4032 2746 12
4029 1722 12
4030 3770 12
4019 442 12
4020 2490 12
4001 1466 12
4018 3514 12
4023 954 12
4024 3002 12
4021 1978 12
4022 4026 12
3661 122 12
3662 2170 12
3659 1146 12
3660 3194 12
3665 634 12
3666 2682 12
3663 1658 12
3664 3706 12
3653 378 12
3654 2426 12
3714 1402 12
3668 3450 12
3657 890 12
3658 2938 12
3655 1914 12
3656 3962 12
3677 250 12
3678 2298 12
3675 1274 12
3676 3322 12
3681 762 12
3682 2810 12
3679 1786 12
3680 3834 12
3669 506 12
3670 2554 12
3667 1530 12
3842 3578 12
3673 1018 12
3674 3066 12
3671 2042 12
3672 4090 12
2297 6 12
2298 2054 12
2295 1030 12
2296 3078 12
2301 518 12
2302 2566 12
2299 1542 12
2300 3590 12
2289 262 12
2290 2310 12
2222 1286 12
2304 3334 12
2293 774 12
2294 2822 12
2291 1798 12
2292 3846 12
2313 134 12
2314 2182 12
2311 1158 12
2312 3206 12
2317 646 12
2318 2694 12
2315 1670 12
2316 3718 12
2305 390 12
2306 2438 12
2303 1414 12
2288 3462 12
2309 902 12
2310 2950 12
2307 1926 12
2308 3974 12
2200 70 12
2201 2118 12
2198 1094 12
2199 3142 12
2204 582 12
2205 2630 12
2202 1606 12
2203 3654 12
2192 326 12
2193 2374 12
2255 1350 12
2207 3398 12
2196 838 12
2197 2886 12
2194 1862 12
2195 3910 12
2216 198 12
2217 2246 12
2214 1222 12
2215 3270 12
2220 710 12
2221 2758 12
2218 1734 12
2219 3782 12
2208 454 12
2209 2502 12
2206 1478 12
2256 3526 12
2212 966 12
2213 3014 12
2210 1990 12
2211 4038 12
2104 38 12
2105 2086 12
2102 1062 12
2103 3110 12
2108 550 12
2109 2598 12
2106 1574 12
2107 3622 12
2096 294 12
2097 2342 12
2287 1318 12
2111 3366 12
2100 806 12
2101 2854 12
2098 1830 12
2099 3878 12
2120 166 12
2121 2214 12
2118 1190 12
2119 3238 12
2124 678 12
2125 2726 12
2122 1702 12
2123 3750 12
2112 422 12
2113 2470 12
2110 1446 12
2095 3494 12
2116 934 12
2117 2982 12
2114 1958 12
2115 4006 12
2265 102 12
2266 2150 12
2263 1126 12
2264 3174 12
2269 614 12
2270 2662 12
2267 1638 12
2268 3686 12
2257 358 12
2258 2406 12
2319 1382 12
2272 3430 12
2261 870 12
2262 2918 12
2259 1894 12
2260 3942 12
2281 230 12
2282 2278 12
2279 1254 12
2280 3302 12
2285 742 12
2286 2790 12
2283 1766 12
2284 3814 12
2273 486 12
2274 2534 12
2271 1510 12
2191 3558 12
2277 998 12
2278 3046 12
2275 2022 12
2276 4070 12
2918 22 12
2917 2070 12
2920 1046 12
2919 3094 12
2914 534 12
2913 2582 12
2916 1558 12
2915 3606 12
2926 278 12
2925 2326 12
2928 1302 12
2927 3350 12
2922 790 12
2930 2838 12
2924 1814 12
2923 3862 12
2941 150 12
2942 2198 12
2939 1174 12
2940 3222 12
2945 662 12
2888 2710 12
2943 1686 12
2944 3734 12
2933 406 12
2934 2454 12
2931 1430 12
2932 3478 12
2937 918 12
2938 2966 12
2935 1942 12
2936 3990 12
2817 86 12
2816 2134 12
2819 1110 12
2818 3158 12
2880 598 12
2831 2646 12
2815 1622 12
2814 3670 12
2825 342 12
2824 2390 12
2827 1366 12
2826 3414 12
2830 854 12
2820 2902 12
2823 1878 12
2822 3926 12
2842 214 12
2843 2262 12
2840 1238 12
2841 3286 12
2921 726 12
2929 2774 12
2844 1750 12
2845 3798 12
2834 470 12
2835 2518 12
2832 1494 12
2833 3542 12
2838 982 12
2839 3030 12
2836 2006 12
2837 4054 12
2230 54 12
2229 2102 12
2232 1078 12
2240 3126 12
2226 566 12
2225 2614 12
2228 1590 12
2227 3638 12
2238 310 12
2237 2358 12
2231 1334 12
2239 3382 12
2234 822 12
2233 2870 12
2236 1846 12
2235 3894 12
2249 182 12
2250 2230 12
2247 1206 12
2248 3254 12
2253 694 12
2254 2742 12
2251 1718 12
2252 3766 12
2241 438 12
2242 2486 12
2224 1462 12
2223 3510 12
2245 950 12
2246 2998 12
2243 1974 12
2244 4022 12
2886 118 12
2885 2166 12
2897 1142 12
2887 3190 12
2882 630 12
2881 2678 12
2884 1654 12
2883 3702 12
2894 374 12
2893 2422 12
2896 1398 12
2895 3446 12
2890 886 12
2889 2934 12
2892 1910 12
2891 3958 12
2907 246 12
2908 2294 12
2905 1270 12
2906 3318 12
2911 758 12
2912 2806 12
2909 1782 12
2910 3830 12
2899 502 12
2900 2550 12
2567 1526 12
2898 3574 12
2903 1014 12
2904 3062 12
2901 2038 12
2902 4086 12
2553 14 12
2554 2062 12
2551 1038 12
2552 3086 12
2557 526 12
2558 2574 12
2555 1550 12
2556 3598 12
2561 270 12
2546 2318 12
2478 1294 12
2479 3342 12
2549 782 12
2550 2830 12
2547 1806 12
2548 3854 12
2569 142 12
2570 2190 12
3095 1166 12
2568 3214 12
2573 654 12
2574 2702 12
2571 1678 12
2572 3726 12
2545 398 12
2562 2446 12
2559 1422 12
2560 3470 12
2565 910 12
2566 2958 12
2563 1934 12
2564 3982 12
2456 78 12
2457 2126 12
2454 1102 12
2455 3150 12
2460 590 12
2461 2638 12
2458 1614 12
2459 3662 12
2464 334 12
2449 2382 12
2511 1358 12
2512 3406 12
2452 846 12
2453 2894 12
2450 1870 12
2451 3918 12
2472 206 12
2473 2254 12
2470 1230 12
2471 3278 12
2476 718 12
2477 2766 12
2474 1742 12
2475 3790 12
2513 462 12
2465 2510 12
2462 1486 12
2463 3534 12
2468 974 12
2469 3022 12
2466 1998 12
2467 4046 12
2360 46 12
2361 2094 12
2358 1070 12
2359 3118 12
2364 558 12
2365 2606 12
2362 1582 12
2363 3630 12
2368 302 12
2353 2350 12
2543 1326 12
2544 3374 12
2356 814 12
2357 2862 12
2354 1838 12
2355 3886 12
2376 174 12
2377 2222 12
2374 1198 12
2375 3246 12
2380 686 12
2381 2734 12
2378 1710 12
2379 3758 12
2352 430 12
2369 2478 12
2366 1454 12
2367 3502 12
2372 942 12
2373 2990 12
2370 1966 12
2371 4014 12
2521 110 12
2522 2158 12
2519 1134 12
2520 3182 12
2525 622 12
2526 2670 12
2523 1646 12
2524 3694 12
2529 366 12
2514 2414 12
2575 1390 12
2576 3438 12
2517 878 12
2518 2926 12
2515 1902 12
2516 3950 12
2537 238 12
2538 2286 12
2535 1262 12
2536 3310 12
2541 750 12
2542 2798 12
2539 1774 12
2540 3822 12
2448 494 12
2530 2542 12
2527 1518 12
2528 3566 12
2533 1006 12
2534 3054 12
2531 2030 12
2532 4078 12
2168 30 12
2169 2078 12
2166 1054 12
2167 3102 12
2172 542 12
2173 2590 12
2170 1566 12
2171 3614 12
2160 286 12
2161 2334 12
2094 1310 12
2175 3358 12
2164 798 12
2165 2846 12
2162 1822 12
2163 3870 12
2184 158 12
2185 2206 12
2182 1182 12
2183 3230 12
2188 670 12
2189 2718 12
2186 1694 12
2187 3742 12
2176 414 12
2177 2462 12
2174 1438 12
2159 3486 12
2180 926 12
2181 2974 12
2178 1950 12
2179 3998 12
2072 94 12
2073 2142 12
2070 1118 12
2071 3166 12
2076 606 12
2077 2654 12
2074 1630 12
2075 3678 12
2064 350 12
2065 2398 12
2126 1374 12
2079 3422 12
2068 862 12
2069 2910 12
2066 1886 12
2067 3934 12
2088 222 12
2089 2270 12
2086 1246 12
2087 3294 12
2092 734 12
2093 2782 12
2090 1758 12
2091 3806 12
2080 478 12
2081 2526 12
2078 1502 12
2127 3550 12
2084 990 12
2085 3038 12
2082 2014 12
2083 4062 12
2497 62 12
2487 2110 12
2490 1086 12
2489 3134 12
2484 574 12
2483 2622 12
2486 1598 12
2485 3646 12
2496 318 12
2495 2366 12
2158 1342 12
2488 3390 12
2492 830 12
2491 2878 12
2494 1854 12
2493 3902 12
2505 190 12
2506 2238 12
2503 1214 12
2504 3262 12
2509 702 12
2510 2750 12
2507 1726 12
2508 3774 12
2480 446 12
2498 2494 12
2482 1470 12
2481 3518 12
2501 958 12
2502 3006 12
2499 1982 12
2500 4030 12
2136 126 12
2137 2174 12
2134 1150 12
2135 3198 12
2140 638 12
2141 2686 12
2138 1662 12
2139 3710 12
2128 382 12
2129 2430 12
2190 1406 12
2143 3454 12
2132 894 12
2133 2942 12
2130 1918 12
2131 3966 12
2152 254 12
2153 2302 12
2150 1278 12
2151 3326 12
2156 766 12
2157 2814 12
2154 1790 12
2155 3838 12
2144 510 12
2145 2558 12
2142 1534 12
2320 3582 12
2148 1022 12
2149 3070 12
2146 2046 12
2147 4094 12
761 1 12
778 2049 12
775 1025 12
776 3073 12
781 513 12
782 2561 12
779 1537 12
780 3585 12
769 257 12
770 2305 12
767 1281 12
768 3329 12
773 769 12
774 2817 12
771 1793 12
772 3841 12
745 129 12
730 2177 12
791 1153 12
792 3201 12
733 641 12
734 2689 12
731 1665 12
732 3713 12
785 385 12
786 2433 12
783 1409 12
784 3457 12
789 897 12
790 2945 12
787 1921 12
788 3969 12
729 65 12
681 2113 12
678 1089 12
679 3137 12
684 577 12
685 2625 12
682 1601 12
683 3649 12
672 321 12
673 2369 12
670 1345 12
671 3393 12
676 833 12
677 2881 12
674 1857 12
675 3905 12
777 193 12
762 2241 12
695 1217 12
696 3265 12
765 705 12
766 2753 12
763 1729 12
764 3777 12
688 449 12
689 2497 12
686 1473 12
687 3521 12
693 961 12
694 3009 12
690 1985 12
691 4033 12
585 33 12
586 2081 12
583 1057 12
568 3105 12
589 545 12
590 2593 12
587 1569 12
588 3617 12
577 289 12
578 2337 12
575 1313 12
576 3361 12
581 801 12
582 2849 12
579 1825 12
580 3873 12
529 161 12
530 2209 12
599 1185 12
549 3233 12
533 673 12
534 2721 12
531 1697 12
532 3745 12
593 417 12
594 2465 12
591 1441 12
592 3489 12
597 929 12
598 2977 12
595 1953 12
596 4001 12
664 97 12
746 2145 12
743 1121 12
744 3169 12
749 609 12
750 2657 12
747 1633 12
748 3681 12
737 353 12
738 2401 12
735 1377 12
736 3425 12
741 865 12
742 2913 12
739 1889 12
740 3937 12
569 225 12
570 2273 12
760 1249 12
584 3297 12
573 737 12
574 2785 12
571 1761 12
572 3809 12
753 481 12
754 2529 12
751 1505 12
752 3553 12
758 993 12
759 3041 12
755 2017 12
757 4065 12
3444 17 12
3429 2065 12
3442 1041 12
3443 3089 12
3448 529 12
3449 2577 12
3446 1553 12
3447 3601 12
3436 273 12
3437 2321 12
3434 1297 12
3435 3345 12
3440 785 12
3441 2833 12
3438 1809 12
3439 3857 12
3460 145 12
3414 2193 12
3458 1169 12
3459 3217 12
3401 657 12
3402 2705 12
3399 1681 12
3400 3729 12
3452 401 12
3453 2449 12
3450 1425 12
3451 3473 12
3456 913 12
3457 2961 12
3454 1937 12
3455 3985 12
3349 81 12
3398 2129 12
3347 1105 12
3348 3153 12
3353 593 12
3354 2641 12
3351 1617 12
3352 3665 12
3341 337 12
3342 2385 12
3339 1361 12
3340 3409 12
3345 849 12
3346 2897 12
3343 1873 12
3344 3921 12
3365 209 12
3445 2257 12
3363 1233 12
3364 3281 12
3432 721 12
3433 2769 12
3430 1745 12
3431 3793 12
3357 465 12
3358 2513 12
3355 1489 12
3356 3537 12
3361 977 12
3362 3025 12
3359 2001 12
3360 4049 12
697 49 12
714 2097 12
711 1073 12
712 3121 12
717 561 12
718 2609 12
715 1585 12
716 3633 12
705 305 12
706 2353 12
703 1329 12
704 3377 12
709 817 12
710 2865 12
707 1841 12
708 3889 12
680 177 12
665 2225 12
727 1201 12
728 3249 12
668 689 12
669 2737 12
666 1713 12
667 3761 12
721 433 12
722 2481 12
719 1457 12
720 3505 12
725 945 12
726 2993 12
723 1969 12
724 4017 12
3413 113 12
3080 2161 12
3411 1137 12
3412 3185 12
3417 625 12
3418 2673 12
3415 1649 12
3416 3697 12
3405 369 12
3406 2417 12
3403 1393 12
3404 3441 12
3409 881 12
3410 2929 12
3407 1905 12
3408 3953 12
713 241 12
698 2289 12
3427 1265 12
3428 3313 12
701 753 12
702 2801 12
699 1777 12
700 3825 12
3421 497 12
3422 2545 12
3419 1521 12
3420 3569 12
3425 1009 12
3426 3057 12
3423 2033 12
3424 4081 12
1033 9 12
1034 2057 12
1015 1033 12
1032 3081 12
1037 521 12
1038 2569 12
1035 1545 12
1036 3593 12
1025 265 12
1026 2313 12
1023 1289 12
1024 3337 12
1029 777 12
1030 2825 12
1027 1801 12
1028 3849 12
986 137 12
987 2185 12
1000 1161 12
985 3209 12
990 649 12
991 2697 12
988 1673 12
989 3721 12
1041 393 12
1042 2441 12
1039 1417 12
1040 3465 12
1045 905 12
1046 2953 12
1043 1929 12
1044 3977 12
938 73 12
939 2121 12
984 1097 12
937 3145 12
942 585 12
943 2633 12
940 1609 12
941 3657 12
930 329 12
931 2377 12
928 1353 12
929 3401 12
934 841 12
935 2889 12
932 1865 12
933 3913 12
1017 201 12
1018 2249 12
1031 1225 12
1016 3273 12
1021 713 12
1022 2761 12
1019 1737 12
1020 3785 12
946 457 12
947 2505 12
944 1481 12
945 3529 12
950 969 12
951 3017 12
948 1993 12
949 4041 12
844 41 12
845 2089 12
842 1065 12
843 3113 12
848 553 12
849 2601 12
846 1577 12
847 3625 12
836 297 12
837 2345 12
834 1321 12
835 3369 12
840 809 12
825 2857 12
838 1833 12
839 3881 12
796 169 12
797 2217 12
794 1193 12
795 3241 12
800 681 12
801 2729 12
798 1705 12
799 3753 12
852 425 12
853 2473 12
850 1449 12
851 3497 12
856 937 12
809 2985 12
854 1961 12
855 4009 12
1002 105 12
1003 2153 12
920 1129 12
1001 3177 12
1006 617 12
1007 2665 12
1004 1641 12
1005 3689 12
994 361 12
995 2409 12
992 1385 12
993 3433 12
998 873 12
999 2921 12
996 1897 12
997 3945 12
828 233 12
829 2281 12
826 1257 12
827 3305 12
832 745 12
833 2793 12
830 1769 12
831 3817 12
1010 489 12
1011 2537 12
1008 1513 12
1009 3561 12
1014 1001 12
841 3049 12
1012 2025 12
1013 4073 12
649 25 12
650 2073 12
647 1049 12
632 3097 12
653 537 12
654 2585 12
651 1561 12
652 3609 12
641 281 12
642 2329 12
639 1305 12
640 3353 12
645 793 12
646 2841 12
643 1817 12
644 3865 12
601 153 12
602 2201 12
663 1177 12
616 3225 12
605 665 12
606 2713 12
603 1689 12
604 3737 12
657 409 12
658 2457 12
655 1433 12
656 3481 12
661 921 12
662 2969 12
659 1945 12
660 3993 12
550 89 12
551 2137 12
548 1113 12
600 3161 12
555 601 12
556 2649 12
553 1625 12
554 3673 12
537 345 12
539 2393 12
535 1369 12
536 3417 12
545 857 12
546 2905 12
541 1881 12
542 3929 12
633 217 12
634 2265 12
567 1241 12
648 3289 12
637 729 12
638 2777 12
635 1753 12
636 3801 12
560 473 12
561 2521 12
558 1497 12
559 3545 12
565 985 12
566 3033 12
562 2009 12
564 4057 12
970 57 12
971 2105 12
952 1081 12
969 3129 12
974 569 12
975 2617 12
972 1593 12
973 3641 12
962 313 12
963 2361 12
960 1337 12
961 3385 12
966 825 12
967 2873 12
964 1849 12
965 3897 12
922 185 12
923 2233 12
936 1209 12
921 3257 12
926 697 12
927 2745 12
924 1721 12
925 3769 12
978 441 12
979 2489 12
976 1465 12
977 3513 12
982 953 12
983 3001 12
980 1977 12
981 4025 12
617 121 12
618 2169 12
615 1145 12
793 3193 12
622 633 12
623 2681 12
619 1657 12
621 3705 12
609 377 12
610 2425 12
607 1401 12
608 3449 12
613 889 12
614 2937 12
611 1913 12
612 3961 12
954 249 12
955 2297 12
968 1273 12
953 3321 12
958 761 12
959 2809 12
956 1785 12
957 3833 12
626 505 12
627 2553 12
624 1529 12
625 3577 12
630 1017 12
631 3065 12
628 2041 12
629 4089 12
3314 5 12
3315 2053 12
3312 1029 12
3313 3077 12
3302 517 12
3319 2565 12
3316 1541 12
3317 3589 12
3306 261 12
3307 2309 12
3304 1285 12
3305 3333 12
3310 773 12
3311 2821 12
3308 1797 12
3309 3845 12
3330 133 12
3331 2181 12
3328 1157 12
3329 3205 12
3287 645 12
3272 2693 12
3332 1669 12
3333 3717 12
3322 389 12
3323 2437 12
3320 1413 12
3321 3461 12
3326 901 12
3327 2949 12
3324 1925 12
3325 3973 12
3219 69 12
3220 2117 12
3217 1093 12
3218 3141 12
3271 581 12
3224 2629 12
3221 1605 12
3222 3653 12
3211 325 12
3212 2373 12
3209 1349 12
3210 3397 12
3215 837 12
3216 2885 12
3213 1861 12
3214 3909 12
3235 197 12
3236 2245 12
3233 1221 12
3234 3269 12
3318 709 12
3303 2757 12
3237 1733 12
3238 3781 12
3227 453 12
3228 2501 12
3225 1477 12
3226 3525 12
3231 965 12
3232 3013 12
3229 1989 12
3230 4037 12
3125 37 12
3126 2085 12
3123 1061 12
3124 3109 12
3129 549 12
3130 2597 12
3127 1573 12
3112 3621 12
3117 293 12
3118 2341 12
3115 1317 12
3116 3365 12
3121 805 12
3122 2853 12
3119 1829 12
3120 3877 12
3141 165 12
3142 2213 12
3139 1189 12
3140 3237 12
3081 677 12
3082 2725 12
3143 1701 12
3096 3749 12
3133 421 12
3134 2469 12
3131 1445 12
3132 3493 12
3137 933 12
3138 2981 12
3135 1957 12
3136 4005 12
3283 101 12
3284 2149 12
3281 1125 12
3282 3173 12
3207 613 12
3288 2661 12
3285 1637 12
3286 3685 12
3275 357 12
3276 2405 12
3273 1381 12
3274 3429 12
3279 869 12
3280 2917 12
3277 1893 12
3278 3941 12
3299 229 12
3300 2277 12
3297 1253 12
3298 3301 12
3113 741 12
3114 2789 12
3301 1765 12
3128 3813 12
3291 485 12
3292 2533 12
3289 1509 12
3290 3557 12
3295 997 12
3296 3045 12
3293 2021 12
3294 4069 12
3948 21 12
3949 2069 12
3946 1045 12
3947 3093 12
3952 533 12
3937 2581 12
3950 1557 12
3951 3605 12
3940 277 12
3941 2325 12
3938 1301 12
3939 3349 12
3944 789 12
3945 2837 12
3942 1813 12
3943 3861 12
3964 149 12
3965 2197 12
3962 1173 12
3963 3221 12
3968 661 12
3922 2709 12
3966 1685 12
3967 3733 12
3956 405 12
3957 2453 12
3954 1429 12
3955 3477 12
3960 917 12
3961 2965 12
3958 1941 12
3959 3989 12
3853 85 12
3854 2133 12
3851 1109 12
3852 3157 12
3857 597 12
3906 2645 12
3855 1621 12
3856 3669 12
3845 341 12
3846 2389 12
3843 1365 12
3844 3413 12
3849 853 12
3850 2901 12
3847 1877 12
3848 3925 12
3869 213 12
3870 2261 12
3867 1237 12
3868 3285 12
3873 725 12
3953 2773 12
3871 1749 12
3872 3797 12
3861 469 12
3862 2517 12
3859 1493 12
3860 3541 12
3865 981 12
3866 3029 12
3863 2005 12
3864 4053 12
3251 53 12
3252 2101 12
3249 1077 12
3250 3125 12
3239 565 12
3256 2613 12
3253 1589 12
3254 3637 12
3243 309 12
3244 2357 12
3241 1333 12
3242 3381 12
3247 821 12
3248 2869 12
3245 1845 12
3246 3893 12
3267 181 12
3268 2229 12
3265 1205 12
3266 3253 12
3223 693 12
3208 2741 12
3269 1717 12
3270 3765 12
3259 437 12
3260 2485 12
3257 1461 12
3258 3509 12
3263 949 12
3264 2997 12
3261 1973 12
3262 4021 12
3917 117 12
3918 2165 12
3915 1141 12
3916 3189 12
3921 629 12
3588 2677 12
3919 1653 12
3920 3701 12
3909 373 12
3910 2421 12
3907 1397 12
3908 3445 12
3913 885 12
3914 2933 12
3911 1909 12
3912 3957 12
3933 245 12
3934 2293 12
3931 1269 12
3932 3317 12
3255 757 12
3240 2805 12
3935 1781 12
3936 3829 12
3925 501 12
3926 2549 12
3923 1525 12
3924 3573 12
3929 1013 12
3930 3061 12
3927 2037 12
3928 4085 12
3570 13 12
3571 2061 12
3568 1037 12
3569 3085 12
3574 525 12
3575 2573 12
3556 1549 12
3573 3597 12
3562 269 12
3563 2317 12
3560 1293 12
3561 3341 12
3566 781 12
3567 2829 12
3564 1805 12
3565 3853 12
3586 141 12
3587 2189 12
3584 1165 12
3585 3213 12
3527 653 12
3528 2701 12
3541 1677 12
3526 3725 12
3578 397 12
3579 2445 12
3576 1421 12
3577 3469 12
3582 909 12
3583 2957 12
3580 1933 12
3581 3981 12
3475 77 12
3476 2125 12
3473 1101 12
3474 3149 12
3479 589 12
3480 2637 12
3525 1613 12
3478 3661 12
3467 333 12
3468 2381 12
3465 1357 12
3466 3405 12
3471 845 12
3472 2893 12
3469 1869 12
3470 3917 12
3491 205 12
3492 2253 12
3489 1229 12
3490 3277 12
3558 717 12
3559 2765 12
3572 1741 12
3557 3789 12
3483 461 12
3484 2509 12
3481 1485 12
3482 3533 12
3487 973 12
3488 3021 12
3485 1997 12
3486 4045 12
3381 45 12
3366 2093 12
3379 1069 12
3380 3117 12
3385 557 12
3386 2605 12
3383 1581 12
3384 3629 12
3373 301 12
3374 2349 12
3371 1325 12
3372 3373 12
3377 813 12
3378 2861 12
3375 1837 12
3376 3885 12
3397 173 12
3350 2221 12
3395 1197 12
3396 3245 12
3337 685 12
3338 2733 12
3335 1709 12
3336 3757 12
3389 429 12
3390 2477 12
3387 1453 12
3388 3501 12
3393 941 12
3394 2989 12
3391 1965 12
3392 4013 12
3539 109 12
3540 2157 12
3537 1133 12
3538 3181 12
3543 621 12
3544 2669 12
3461 1645 12
3542 3693 12
3531 365 12
3532 2413 12
3529 1389 12
3530 3437 12
3535 877 12
3536 2925 12
3533 1901 12
3534 3949 12
3555 237 12
3382 2285 12
3553 1261 12
3554 3309 12
3369 749 12
3370 2797 12
3367 1773 12
3368 3821 12
3547 493 12
3548 2541 12
3545 1517 12
3546 3565 12
3551 1005 12
3552 3053 12
3549 2029 12
3550 4077 12
3188 29 12
3189 2077 12
3186 1053 12
3187 3101 12
3192 541 12
3193 2589 12
3190 1565 12
3175 3613 12
3180 285 12
3181 2333 12
3178 1309 12
3179 3357 12
3184 797 12
3185 2845 12
3182 1821 12
3183 3869 12
3204 157 12
3205 2205 12
3202 1181 12
3203 3229 12
3145 669 12
3146 2717 12
3206 1693 12
3160 3741 12
3196 413 12
3197 2461 12
3194 1437 12
3195 3485 12
3200 925 12
3201 2973 12
3198 1949 12
3199 3997 12
3093 93 12
3094 2141 12
3091 1117 12
3092 3165 12
3097 605 12
3098 2653 12
2048 1629 12
3144 3677 12
3085 349 12
3086 2397 12
3083 1373 12
3084 3421 12
3089 861 12
3090 2909 12
3087 1885 12
3088 3933 12
3109 221 12
3110 2269 12
3107 1245 12
3108 3293 12
3176 733 12
3177 2781 12
3111 1757 12
3191 3805 12
3101 477 12
3102 2525 12
3099 1501 12
3100 3549 12
3105 989 12
3106 3037 12
3103 2013 12
3104 4061 12
3507 61 12
3508 2109 12
3505 1085 12
3506 3133 12
3511 573 12
3512 2621 12
3493 1597 12
3510 3645 12
3499 317 12
3500 2365 12
3497 1341 12
3498 3389 12
3503 829 12
3504 2877 12
3501 1853 12
3502 3901 12
3523 189 12
3524 2237 12
3521 1213 12
3522 3261 12
3463 701 12
3464 2749 12
3477 1725 12
3462 3773 12
3515 445 12
3516 2493 12
3513 1469 12
3514 3517 12
3519 957 12
3520 3005 12
3517 1981 12
3518 4029 12
3157 125 12
3158 2173 12
3155 1149 12
3156 3197 12
3161 637 12
3162 2685 12
3159 1661 12
3334 3709 12
3149 381 12
3150 2429 12
3147 1405 12
3148 3453 12
3153 893 12
3154 2941 12
3151 1917 12
3152 3965 12
3173 253 12
3174 2301 12
3171 1277 12
3172 3325 12
3495 765 12
3496 2813 12
3509 1789 12
3494 3837 12
3165 509 12
3166 2557 12
3163 1533 12
3164 3581 12
3169 1021 12
3170 3069 12
3167 2045 12
3168 4093 12
1801 3 12
1802 2051 12
1799 1027 12
1800 3075 12
1805 515 12
1806 2563 12
1803 1539 12
1804 3587 12
1777 259 12
1794 2307 12
1791 1283 12
1792 3331 12
1797 771 12
1798 2819 12
1795 1795 12
1796 3843 12
1754 131 12
1755 2179 12
1752 1155 12
1753 3203 12
1758 643 12
1759 2691 12
1756 1667 12
1757 3715 12
1762 387 12
1747 2435 12
1807 1411 12
1808 3459 12
1750 899 12
1751 2947 12
1748 1923 12
1749 3971 12
1706 67 12
1707 2115 12
1704 1091 12
1705 3139 12
1710 579 12
1711 2627 12
1708 1603 12
1709 3651 12
1746 323 12
1699 2371 12
1696 1347 12
1697 3395 12
1702 835 12
1703 2883 12
1700 1859 12
1701 3907 12
1785 195 12
1786 2243 12
1783 1219 12
1784 3267 12
1789 707 12
1790 2755 12
1787 1731 12
1788 3779 12
1793 451 12
1778 2499 12
1712 1475 12
1713 3523 12
1781 963 12
1782 3011 12
1779 1987 12
1780 4035 12
1612 35 12
1613 2083 12
1610 1059 12
1611 3107 12
1616 547 12
1617 2595 12
1614 1571 12
1615 3619 12
1604 291 12
1605 2339 12
1602 1315 12
1587 3363 12
1608 803 12
1609 2851 12
1606 1827 12
1607 3875 12
1564 163 12
1565 2211 12
1562 1187 12
1563 3235 12
1568 675 12
1569 2723 12
1566 1699 12
1567 3747 12
1556 419 12
1557 2467 12
1618 1443 12
1571 3491 12
1560 931 12
1561 2979 12
1558 1955 12
1559 4003 12
1770 99 12
1771 2147 12
1768 1123 12
1769 3171 12
1774 611 12
1775 2659 12
1772 1635 12
1773 3683 12
1682 355 12
1763 2403 12
1760 1379 12
1761 3427 12
1766 867 12
1767 2915 12
1764 1891 12
1765 3939 12
1596 227 12
1597 2275 12
1594 1251 12
1595 3299 12
1600 739 12
1601 2787 12
1598 1763 12
1599 3811 12
1588 483 12
1589 2531 12
1776 1507 12
1603 3555 12
1592 995 12
1593 3043 12
1590 2019 12
1591 4067 12
376 19 12
377 2067 12
374 1043 12
375 3091 12
380 531 12
381 2579 12
378 1555 12
379 3603 12
367 275 12
352 2323 12
365 1299 12
366 3347 12
371 787 12
372 2835 12
369 1811 12
370 3859 12
327 147 12
328 2195 12
325 1171 12
326 3219 12
331 659 12
332 2707 12
329 1683 12
330 3731 12
385 403 12
336 2451 12
382 1427 12
383 3475 12
323 915 12
324 2963 12
321 1939 12
322 3987 12
277 83 12
278 2131 12
275 1107 12
276 3155 12
281 595 12
282 2643 12
279 1619 12
280 3667 12
269 339 12
320 2387 12
267 1363 12
268 3411 12
273 851 12
274 2899 12
271 1875 12
272 3923 12
359 211 12
360 2259 12
357 1235 12
358 3283 12
363 723 12
364 2771 12
361 1747 12
362 3795 12
285 467 12
368 2515 12
283 1491 12
284 3539 12
355 979 12
356 3027 12
353 2003 12
354 4051 12
1738 51 12
1739 2099 12
1736 1075 12
1737 3123 12
1742 563 12
1743 2611 12
1740 1587 12
1741 3635 12
1714 307 12
1731 2355 12
1728 1331 12
1729 3379 12
1734 819 12
1735 2867 12
1732 1843 12
1733 3891 12
1690 179 12
1691 2227 12
1688 1203 12
1689 3251 12
1694 691 12
1695 2739 12
1692 1715 12
1693 3763 12
1698 435 12
1683 2483 12
1744 1459 12
1745 3507 12
1686 947 12
1687 2995 12
1684 1971 12
1685 4019 12
344 115 12
345 2163 12
341 1139 12
343 3187 12
348 627 12
349 2675 12
346 1651 12
347 3699 12
335 371 12
1047 2419 12
333 1395 12
334 3443 12
339 883 12
340 2931 12
337 1907 12
338 3955 12
1722 243 12
1723 2291 12
1720 1267 12
1721 3315 12
1726 755 12
1727 2803 12
1724 1779 12
1725 3827 12
1730 499 12
1715 2547 12
350 1523 12
351 3571 12
1718 1011 12
1719 3059 12
1716 2035 12
1717 4083 12
2057 11 12
2058 2059 12
2055 1035 12
2056 3083 12
2061 523 12
2062 2571 12
2059 1547 12
2060 3595 12
2049 267 12
2050 2315 12
2031 1291 12
0 3339 12
2053 779 12
2054 2827 12
2051 1803 12
2052 3851 12
2010 139 12
2011 2187 12
2008 1163 12
2009 3211 12
2014 651 12
2015 2699 12
2012 1675 12
2013 3723 12
2002 395 12
2003 2443 12
2016 1419 12
2001 3467 12
2006 907 12
2007 2955 12
2004 1931 12
2005 3979 12
1962 75 12
1963 2123 12
1960 1099 12
1961 3147 12
1966 587 12
1967 2635 12
1964 1611 12
1965 3659 12
1954 331 12
1955 2379 12
2000 1355 12
1953 3403 12
1958 843 12
1959 2891 12
1956 1867 12
1957 3915 12
2041 203 12
2042 2251 12
2039 1227 12
2040 3275 12
2045 715 12
2046 2763 12
2043 1739 12
2044 3787 12
2033 459 12
2034 2507 12
2047 1483 12
2032 3531 12
2037 971 12
2038 3019 12
2035 1995 12
2036 4043 12
1868 43 12
1869 2091 12
1866 1067 12
1867 3115 12
1872 555 12
1825 2603 12
1870 1579 12
1871 3627 12
1860 299 12
1861 2347 12
1858 1323 12
1859 3371 12
1864 811 12
1865 2859 12
1862 1835 12
1863 3883 12
1820 171 12
1821 2219 12
1818 1195 12
1819 3243 12
1824 683 12
1873 2731 12
1822 1707 12
1823 3755 12
1812 427 12
1813 2475 12
1810 1451 12
1811 3499 12
1816 939 12
1817 2987 12
1814 1963 12
1815 4011 12
2026 107 12
2027 2155 12
2024 1131 12
2025 3179 12
2030 619 12
1857 2667 12
2028 1643 12
2029 3691 12
2018 363 12
2019 2411 12
1936 1387 12
2017 3435 12
2022 875 12
2023 2923 12
2020 1899 12
2021 3947 12
1852 235 12
1853 2283 12
1850 1259 12
1851 3307 12
1856 747 12
1841 2795 12
1854 1771 12
1855 3819 12
1844 491 12
1845 2539 12
1842 1515 12
1843 3563 12
1848 1003 12
1849 3051 12
1846 2027 12
1847 4075 12
1675 27 12
1676 2075 12
1673 1051 12
1674 3099 12
1679 539 12
1680 2587 12
1677 1563 12
1678 3611 12
1667 283 12
1668 2331 12
1665 1307 12
1650 3355 12
1671 795 12
1672 2843 12
1669 1819 12
1670 3867 12
1628 155 12
1629 2203 12
1626 1179 12
1627 3227 12
1632 667 12
1633 2715 12
1630 1691 12
1631 3739 12
1620 411 12
1621 2459 12
1681 1435 12
1635 3483 12
1624 923 12
1625 2971 12
1622 1947 12
1623 3995 12
1580 91 12
1581 2139 12
1578 1115 12
1579 3163 12
1584 603 12
1585 2651 12
1582 1627 12
1583 3675 12
1572 347 12
1573 2395 12
1570 1371 12
1619 3419 12
1576 859 12
1577 2907 12
1574 1883 12
1575 3931 12
1659 219 12
1660 2267 12
1657 1243 12
1658 3291 12
1663 731 12
1664 2779 12
1661 1755 12
1662 3803 12
1651 475 12
1652 2523 12
1586 1499 12
1666 3547 12
1655 987 12
1656 3035 12
1653 2011 12
1654 4059 12
1994 59 12
1995 2107 12
1992 1083 12
1993 3131 12
1998 571 12
1999 2619 12
1996 1595 12
1997 3643 12
1986 315 12
1987 2363 12
1968 1339 12
1985 3387 12
1990 827 12
1991 2875 12
1988 1851 12
1989 3899 12
1946 187 12
1947 2235 12
1944 1211 12
1945 3259 12
1950 699 12
1951 2747 12
1948 1723 12
1949 3771 12
1938 443 12
1939 2491 12
1952 1467 12
1937 3515 12
1942 955 12
1943 3003 12
1940 1979 12
1941 4027 12
1644 123 12
1645 2171 12
1642 1147 12
1643 3195 12
1648 635 12
1649 2683 12
1646 1659 12
1647 3707 12
1636 379 12
1637 2427 12
1634 1403 12
1809 3451 12
1640 891 12
1641 2939 12
1638 1915 12
1639 3963 12
1978 251 12
1979 2299 12
1976 1275 12
1977 3323 12
1982 763 12
1983 2811 12
1980 1787 12
1981 3835 12
1970 507 12
1971 2555 12
1984 1531 12
1969 3579 12
1974 1019 12
1975 3067 12
1972 2043 12
1973 4091 12
242 7 12
243 2055 12
240 1031 12
241 3079 12
246 519 12
247 2567 12
244 1543 12
245 3591 12
234 263 12
235 2311 12
232 1287 12
233 3335 12
222 775 12
239 2823 12
236 1799 12
237 3847 12
195 135 12
196 2183 12
193 1159 12
194 3207 12
199 647 12
200 2695 12
197 1671 12
198 3719 12
250 391 12
251 2439 12
248 1415 12
249 3463 12
207 903 12
192 2951 12
252 1927 12
253 3975 12
147 71 12
148 2119 12
145 1095 12
146 3143 12
151 583 12
152 2631 12
149 1607 12
150 3655 12
139 327 12
140 2375 12
137 1351 12
138 3399 12
191 839 12
144 2887 12
141 1863 12
142 3911 12
226 199 12
227 2247 12
224 1223 12
225 3271 12
230 711 12
231 2759 12
228 1735 12
229 3783 12
155 455 12
156 2503 12
153 1479 12
154 3527 12
238 967 12
223 3015 12
157 1991 12
158 4039 12
53 39 12
54 2087 12
51 1063 12
52 3111 12
57 551 12
58 2599 12
55 1575 12
56 3623 12
45 295 12
46 2343 12
43 1319 12
44 3367 12
49 807 12
50 2855 12
47 1831 12
32 3879 12
5 167 12
6 2215 12
3 1191 12
4 3239 12
9 679 12
10 2727 12
7 1703 12
8 3751 12
61 423 12
62 2471 12
59 1447 12
60 3495 12
1 935 12
2 2983 12
63 1959 12
16 4007 12
211 103 12
212 2151 12
209 1127 12
210 3175 12
215 615 12
216 2663 12
213 1639 12
214 3687 12
203 359 12
204 2407 12
201 1383 12
202 3431 12
127 871 12
208 2919 12
205 1895 12
206 3943 12
37 231 12
38 2279 12
35 1255 12
36 3303 12
41 743 12
42 2791 12
39 1767 12
40 3815 12
219 487 12
220 2535 12
217 1511 12
218 3559 12
33 999 12
34 3047 12
221 2023 12
48 4071 12
907 23 12
908 2071 12
905 1047 12
906 3095 12
911 535 12
912 2583 12
909 1559 12
910 3607 12
899 279 12
900 2327 12
897 1303 12
898 3351 12
903 791 12
888 2839 12
901 1815 12
902 3863 12
860 151 12
861 2199 12
858 1175 12
859 3223 12
864 663 12
865 2711 12
862 1687 12
863 3735 12
915 407 12
916 2455 12
913 1431 12
914 3479 12
919 919 12
873 2967 12
917 1943 12
918 3991 12
812 87 12
813 2135 12
810 1111 12
811 3159 12
816 599 12
817 2647 12
814 1623 12
815 3671 12
804 343 12
805 2391 12
802 1367 12
803 3415 12
808 855 12
857 2903 12
806 1879 12
807 3927 12
891 215 12
892 2263 12
889 1239 12
890 3287 12
895 727 12
896 2775 12
893 1751 12
894 3799 12
820 471 12
821 2519 12
818 1495 12
819 3543 12
824 983 12
904 3031 12
822 2007 12
823 4055 12
179 55 12
180 2103 12
177 1079 12
178 3127 12
183 567 12
184 2615 12
181 1591 12
182 3639 12
171 311 12
172 2359 12
169 1335 12
170 3383 12
159 823 12
176 2871 12
173 1847 12
174 3895 12
131 183 12
132 2231 12
129 1207 12
130 3255 12
135 695 12
136 2743 12
133 1719 12
134 3767 12
187 439 12
188 2487 12
185 1463 12
186 3511 12
143 951 12
128 2999 12
189 1975 12
190 4023 12
876 119 12
877 2167 12
874 1143 12
875 3191 12
880 631 12
881 2679 12
878 1655 12
879 3703 12
868 375 12
869 2423 12
866 1399 12
867 3447 12
872 887 12
528 2935 12
870 1911 12
871 3959 12
163 247 12
164 2295 12
161 1271 12
162 3319 12
167 759 12
168 2807 12
165 1783 12
166 3831 12
884 503 12
885 2551 12
882 1527 12
883 3575 12
175 1015 12
160 3063 12
886 2039 12
887 4087 12
517 15 12
518 2063 12
515 1039 12
516 3087 12
522 527 12
523 2575 12
519 1551 12
521 3599 12
509 271 12
510 2319 12
506 1295 12
508 3343 12
513 783 12
514 2831 12
491 1807 12
512 3855 12
461 143 12
462 2191 12
459 1167 12
460 3215 12
465 655 12
467 2703 12
463 1679 12
464 3727 12
526 399 12
527 2447 12
524 1423 12
525 3471 12
457 911 12
458 2959 12
472 1935 12
456 3983 12
409 79 12
410 2127 12
407 1103 12
408 3151 12
413 591 12
414 2639 12
411 1615 12
412 3663 12
401 335 12
402 2383 12
399 1359 12
400 3407 12
405 847 12
406 2895 12
455 1871 12
404 3919 12
498 207 12
499 2255 12
495 1231 12
496 3279 12
502 719 12
504 2767 12
500 1743 12
501 3791 12
418 463 12
419 2511 12
415 1487 12
416 3535 12
493 975 12
494 3023 12
511 1999 12
492 4047 12
310 47 12
312 2095 12
308 1071 12
309 3119 12
315 559 12
316 2607 12
313 1583 12
314 3631 12
302 303 12
286 2351 12
300 1327 12
301 3375 12
306 815 12
307 2863 12
304 1839 12
305 3887 12
261 175 12
262 2223 12
259 1199 12
260 3247 12
265 687 12
266 2735 12
263 1711 12
264 3759 12
319 431 12
270 2479 12
317 1455 12
318 3503 12
257 943 12
258 2991 12
255 1967 12
256 4015 12
479 111 12
480 2159 12
477 1135 12
478 3183 12
486 623 12
487 2671 12
483 1647 12
485 3695 12
470 367 12
471 2415 12
468 1391 12
469 3439 12
474 879 12
476 2927 12
386 1903 12
473 3951 12
294 239 12
295 2287 12
292 1263 12
293 3311 12
298 751 12
299 2799 12
296 1775 12
297 3823 12
490 495 12
303 2543 12
488 1519 12
489 3567 12
290 1007 12
291 3055 12
287 2031 12
289 4079 12
116 31 12
117 2079 12
114 1055 12
115 3103 12
120 543 12
121 2591 12
118 1567 12
119 3615 12
108 287 12
109 2335 12
106 1311 12
107 3359 12
112 799 12
113 2847 12
110 1823 12
95 3871 12
69 159 12
70 2207 12
67 1183 12
68 3231 12
73 671 12
74 2719 12
71 1695 12
72 3743 12
124 415 12
125 2463 12
122 1439 12
123 3487 12
65 927 12
66 2975 12
126 1951 12
80 3999 12
21 95 12
22 2143 12
19 1119 12
20 3167 12
25 607 12
26 2655 12
23 1631 12
24 3679 12
13 351 12
14 2399 12
11 1375 12
12 3423 12
17 863 12
18 2911 12
15 1887 12
64 3935 12
100 223 12
101 2271 12
98 1247 12
99 3295 12
104 735 12
105 2783 12
102 1759 12
103 3807 12
29 479 12
30 2527 12
27 1503 12
28 3551 12
96 991 12
97 3039 12
31 2015 12
111 4063 12
444 63 12
445 2111 12
442 1087 12
443 3135 12
449 575 12
450 2623 12
446 1599 12
448 3647 12
435 319 12
436 2367 12
433 1343 12
434 3391 12
440 831 12
441 2879 12
420 1855 12
439 3903 12
393 191 12
394 2239 12
390 1215 12
392 3263 12
397 703 12
398 2751 12
395 1727 12
396 3775 12
453 447 12
454 2495 12
451 1471 12
452 3519 12
388 959 12
389 3007 12
403 1983 12
387 4031 12
85 127 12
86 2175 12
83 1151 12
84 3199 12
89 639 12
90 2687 12
87 1663 12
88 3711 12
77 383 12
78 2431 12
75 1407 12
76 3455 12
81 895 12
82 2943 12
79 1919 12
254 3967 12
427 255 12
428 2303 12
425 1279 12
426 3327 12
431 767 12
432 2815 12
429 1791 12
430 3839 12
93 511 12
94 2559 12
91 1535 12
92 3583 12
423 1023 12
424 3071 12
437 2047 12
422 4095 12
