2794 0 13
2795 1 13
2792 2 13
2793 3 13
2782 4 13
2799 5 13
2796 6 13
2797 7 13
2786 8 13
2787 9 13
2784 10 13
2785 11 13
2790 12 13
2791 13 13
2788 14 13
2789 15 13
2810 16 13
2811 17 13
2808 18 13
2809 19 13
2752 20 13
2753 21 13
2812 22 13
2767 23 13
2802 24 13
2803 25 13
2800 26 13
2801 27 13
2806 28 13
2807 29 13
2804 30 13
2805 31 13
2708 32 13
2709 33 13
2706 34 13
2707 35 13
2712 36 13
2728 37 13
2710 38 13
2711 39 13
2700 40 13
2701 41 13
2713 42 13
2699 43 13
2704 44 13
2705 45 13
2702 46 13
2703 47 13
2724 48 13
2725 49 13
2761 50 13
2723 51 13
2798 52 13
2783 53 13
2726 54 13
2727 55 13
2716 56 13
2717 57 13
2714 58 13
2715 59 13
2720 60 13
2721 61 13
2718 62 13
2719 63 13
2621 64 13
2622 65 13
2619 66 13
2620 67 13
2625 68 13
2626 69 13
2607 70 13
2624 71 13
2613 72 13
2614 73 13
2611 74 13
2612 75 13
2617 76 13
2618 77 13
2615 78 13
2616 79 13
2637 80 13
2592 81 13
2635 82 13
2636 83 13
2580 84 13
2581 85 13
2578 86 13
2579 87 13
2629 88 13
2630 89 13
2627 90 13
2628 91 13
2633 92 13
2634 93 13
2631 94 13
2632 95 13
2764 96 13
2765 97 13
2762 98 13
2763 99 13
2768 100 13
2769 101 13
2766 102 13
2751 103 13
2756 104 13
2757 105 13
2754 106 13
2755 107 13
2760 108 13
2687 109 13
2758 110 13
2759 111 13
2780 112 13
2781 113 13
2778 114 13
2779 115 13
2609 116 13
2610 117 13
2623 118 13
2608 119 13
2772 120 13
2773 121 13
2770 122 13
2771 123 13
2776 124 13
2777 125 13
2774 126 13
2775 127 13
1427 128 13
1381 129 13
1425 130 13
1426 131 13
1368 132 13
1369 133 13
1366 134 13
1367 135 13
1419 136 13
1420 137 13
1417 138 13
1418 139 13
1423 140 13
1424 141 13
1421 142 13
1422 143 13
1380 144 13
2063 145 13
1378 146 13
1379 147 13
1384 148 13
1385 149 13
1382 150 13
1383 151 13
1372 152 13
1373 153 13
1370 154 13
1371 155 13
1376 156 13
1377 157 13
1374 158 13
1375 159 13
1332 160 13
1412 161 13
1330 162 13
1331 163 13
1399 164 13
1400 165 13
1397 166 13
1398 167 13
1324 168 13
1325 169 13
1322 170 13
1323 171 13
1328 172 13
1329 173 13
1326 174 13
1327 175 13
1411 176 13
1396 177 13
1409 178 13
1410 179 13
1415 180 13
1416 181 13
1413 182 13
1414 183 13
1403 184 13
1404 185 13
1401 186 13
1402 187 13
1407 188 13
1408 189 13
1405 190 13
1406 191 13
544 24 10
547 25 10
384 26 10
543 27 10
421 14 9
520 30 10
552 31 10
481 32 10
342 33 10
484 34 10
482 35 10
540 36 10
447 37 10
391 38 10
538 39 10
507 40 10
756 41 10
288 42 10
563 43 10
417 44 10
692 45 10
311 46 10
475 47 10
557 48 10
373 49 10
497 50 10
438 51 10
505 52 10
503 53 10
620 54 10
466 55 10
2749 448 13
2729 449 13
2750 225 12
1394 226 12
1395 227 12
2748 228 12
2731 229 12
2741 230 12
2730 231 12
1388 232 12
1389 233 12
1386 234 12
1387 235 12
1392 236 12
1393 237 12
1390 238 12
1391 239 12
2737 240 12
2738 241 12
2722 242 12
2736 243 12
2745 244 12
2739 245 12
2747 246 12
2746 247 12
2742 248 12
2733 249 12
2732 250 12
2740 251 12
2744 252 12
2735 253 12
2743 254 12
2734 255 12
3079 256 12
3078 257 12
3047 258 12
3071 259 12
3075 260 12
3074 261 12
3077 262 12
3076 263 12
3053 264 12
3052 265 12
3055 266 12
3063 267 12
3049 268 12
3048 269 12
3051 270 12
3050 271 12
3021 272 12
3029 273 12
3065 274 12
3064 275 12
3026 276 12
3025 277 12
3028 278 12
3027 279 12
3046 280 12
3070 281 12
3073 282 12
3072 283 12
3067 284 12
3066 285 12
3069 286 12
3068 287 12
2965 288 12
2966 289 12
3013 290 12
2964 291 12
2969 292 12
2970 293 12
2967 294 12
2968 295 12
2952 296 12
2951 297 12
2963 298 12
2953 299 12
2948 300 12
2947 301 12
2950 302 12
2949 303 12
3061 304 12
3060 305 12
3054 306 12
3062 307 12
3057 308 12
3056 309 12
3059 310 12
3058 311 12
2973 312 12
2974 313 12
2971 314 12
2972 315 12
2977 316 12
2978 317 12
2975 318 12
2976 319 12
2848 320 12
2847 321 12
2850 322 12
2849 323 12
2878 324 12
2877 325 12
2871 326 12
2879 327 12
2856 328 12
2855 329 12
2858 330 12
2857 331 12
2852 332 12
2851 333 12
2863 334 12
2853 335 12
2866 336 12
2865 337 12
2868 338 12
2867 339 12
2829 340 12
2828 341 12
2864 342 12
2821 343 12
2874 344 12
2873 345 12
2876 346 12
2875 347 12
2870 348 12
2869 349 12
2872 350 12
2846 351 12
3014 352 12
2946 353 12
3016 354 12
3015 355 12
3033 356 12
3034 357 12
3031 358 12
3032 359 12
3022 360 12
3030 361 12
3024 362 12
3023 363 12
3018 364 12
3017 365 12
3020 366 12
3019 367 12
3045 368 12
2854 369 12
3043 370 12
3044 371 12
2860 372 12
2859 373 12
2862 374 12
2861 375 12
3037 376 12
3038 377 12
3035 378 12
3036 379 12
3041 380 12
3042 381 12
3039 382 12
3040 383 12
2685 384 12
2686 385 12
2668 386 12
2684 387 12
2689 388 12
2690 389 12
2813 390 12
2688 391 12
2677 392 12
2678 393 12
2675 394 12
2676 395 12
2681 396 12
2682 397 12
2679 398 12
2680 399 12
2641 400 12
2642 401 12
2639 402 12
2640 403 12
2645 404 12
2646 405 12
2643 406 12
2644 407 12
2693 408 12
2694 409 12
2691 410 12
2692 411 12
2697 412 12
2653 413 12
2695 414 12
2696 415 12
2638 416 12
2593 417 12
2590 418 12
2591 419 12
2596 420 12
2597 421 12
2594 422 12
2595 423 12
2584 424 12
2585 425 12
2582 426 12
2583 427 12
2588 428 12
2589 429 12
2586 430 12
2587 431 12
2669 432 12
2670 433 12
2606 434 12
2683 435 12
2673 436 12
2674 437 12
2671 438 12
2672 439 12
2600 440 12
2601 441 12
2598 442 12
2599 443 12
2604 444 12
2605 445 12
2602 446 12
2603 447 12
3009 448 12
3008 449 12
3011 450 12
3010 451 12
3005 452 12
2979 453 12
3007 454 12
3006 455 12
2983 456 12
2982 457 12
2985 458 12
2984 459 12
3004 460 12
3012 461 12
2981 462 12
2980 463 12
2960 464 12
2959 465 12
2962 466 12
2961 467 12
2956 468 12
2955 469 12
2958 470 12
2957 471 12
3001 472 12
3000 473 12
3003 474 12
3002 475 12
2997 476 12
2954 477 12
2999 478 12
2998 479 12
2657 480 12
2658 481 12
2655 482 12
2656 483 12
2661 484 12
2662 485 12
2659 486 12
2660 487 12
2649 488 12
2650 489 12
2647 490 12
2648 491 12
2698 492 12
2654 493 12
2651 494 12
2652 495 12
2991 496 12
2990 497 12
2993 498 12
2992 499 12
2996 500 12
2986 501 12
2989 502 12
2988 503 12
2665 504 12
2666 505 12
2663 506 12
2664 507 12
2995 508 12
2994 509 12
2667 510 12
2987 511 12
1297 512 12
1298 513 12
1295 514 12
1296 515 12
1254 516 12
1239 517 12
1299 518 12
1300 519 12
1289 520 12
1290 521 12
1287 522 12
1288 523 12
1293 524 12
1294 525 12
1291 526 12
1292 527 12
1250 528 12
1251 529 12
1248 530 12
1249 531 12
1174 532 12
1255 533 12
1252 534 12
1253 535 12
1242 536 12
1243 537 12
1240 538 12
1241 539 12
1246 540 12
1247 541 12
1244 542 12
1245 543 12
1202 544 12
1203 545 12
1200 546 12
1201 547 12
1285 548 12
1270 549 12
1204 550 12
1205 551 12
1194 552 12
1195 553 12
1192 554 12
1193 555 12
1198 556 12
1199 557 12
1196 558 12
1197 559 12
1281 560 12
1282 561 12
1279 562 12
1280 563 12
1269 564 12
1286 565 12
1283 566 12
1284 567 12
1273 568 12
1274 569 12
1271 570 12
1272 571 12
1277 572 12
1278 573 12
1275 574 12
1276 575 12
1108 576 12
1109 577 12
1106 578 12
1107 579 12
1048 580 12
1049 581 12
1110 582 12
1063 583 12
1100 584 12
1101 585 12
1098 586 12
1099 587 12
1104 588 12
1105 589 12
1102 590 12
1103 591 12
1060 592 12
1061 593 12
1058 594 12
1059 595 12
1064 596 12
1065 597 12
1062 598 12
1111 599 12
1052 600 12
1053 601 12
1050 602 12
1051 603 12
1056 604 12
1057 605 12
1054 606 12
1055 607 12
1266 608 12
1267 609 12
1264 610 12
1265 611 12
1080 612 12
1081 613 12
1268 614 12
1095 615 12
1258 616 12
1259 617 12
1256 618 12
1257 619 12
1262 620 12
1263 621 12
1260 622 12
1261 623 12
1092 624 12
1093 625 12
1090 626 12
1091 627 12
1096 628 12
1097 629 12
1094 630 12
1079 631 12
1084 632 12
1085 633 12
1082 634 12
1083 635 12
1088 636 12
1089 637 12
1086 638 12
1087 639 12
1931 640 12
1932 641 12
1929 642 12
1930 643 12
1935 644 12
1889 645 12
1933 646 12
1934 647 12
1923 648 12
1924 649 12
1921 650 12
1922 651 12
1927 652 12
1928 653 12
1925 654 12
1926 655 12
1884 656 12
1885 657 12
1882 658 12
1883 659 12
1888 660 12
1555 661 12
1886 662 12
1887 663 12
1876 664 12
1877 665 12
1874 666 12
1875 667 12
1880 668 12
1881 669 12
1878 670 12
1879 671 12
1836 672 12
1837 673 12
1834 674 12
1835 675 12
1840 676 12
1920 677 12
1838 678 12
1839 679 12
1828 680 12
1829 681 12
1826 682 12
1827 683 12
1832 684 12
1833 685 12
1830 686 12
1831 687 12
1915 688 12
1916 689 12
1913 690 12
1914 691 12
1919 692 12
1904 693 12
1917 694 12
1918 695 12
1907 696 12
1908 697 12
1905 698 12
1906 699 12
1911 700 12
1912 701 12
1909 702 12
1910 703 12
1234 704 12
1235 705 12
1232 706 12
1233 707 12
1190 708 12
1175 709 12
1236 710 12
1237 711 12
1226 712 12
1227 713 12
1224 714 12
1225 715 12
1230 716 12
1231 717 12
1228 718 12
1229 719 12
1186 720 12
1187 721 12
1184 722 12
1185 723 12
1238 724 12
1191 725 12
1188 726 12
1189 727 12
1178 728 12
1179 729 12
1176 730 12
1177 731 12
1182 732 12
1183 733 12
1180 734 12
1181 735 12
1900 736 12
1901 737 12
1898 738 12
1899 739 12
1222 740 12
1207 741 12
1902 742 12
1903 743 12
1892 744 12
1893 745 12
1890 746 12
1891 747 12
1896 748 12
1897 749 12
1894 750 12
1895 751 12
1218 752 12
1219 753 12
1216 754 12
1217 755 12
1206 756 12
1223 757 12
1220 758 12
1221 759 12
1210 760 12
1211 761 12
1208 762 12
1209 763 12
1214 764 12
1215 765 12
1212 766 12
1213 767 12
1553 768 12
1554 769 12
1551 770 12
1552 771 12
1494 772 12
1495 773 12
1508 774 12
1493 775 12
1545 776 12
1546 777 12
1543 778 12
1544 779 12
1549 780 12
1550 781 12
1547 782 12
1548 783 12
1506 784 12
1507 785 12
1504 786 12
1505 787 12
1510 788 12
1511 789 12
1428 790 12
1509 791 12
1498 792 12
1499 793 12
1496 794 12
1497 795 12
1502 796 12
1503 797 12
1500 798 12
1501 799 12
1458 800 12
1459 801 12
1456 802 12
1457 803 12
1525 804 12
1526 805 12
1539 806 12
1524 807 12
1450 808 12
1451 809 12
1448 810 12
1449 811 12
1454 812 12
1455 813 12
1452 814 12
1453 815 12
1537 816 12
1538 817 12
1535 818 12
1536 819 12
1541 820 12
1542 821 12
1523 822 12
1540 823 12
1529 824 12
1530 825 12
1527 826 12
1528 827 12
1533 828 12
1534 829 12
1531 830 12
1532 831 12
1364 832 12
1317 833 12
1362 834 12
1363 835 12
1304 836 12
1305 837 12
1302 838 12
1303 839 12
1356 840 12
1357 841 12
1354 842 12
1355 843 12
1360 844 12
1361 845 12
1358 846 12
1359 847 12
1316 848 12
1365 849 12
1314 850 12
1315 851 12
1320 852 12
1321 853 12
1318 854 12
1319 855 12
1308 856 12
1309 857 12
1306 858 12
1307 859 12
1312 860 12
1313 861 12
1310 862 12
1311 863 12
1522 864 12
1349 865 12
1520 866 12
1521 867 12
1336 868 12
1337 869 12
1334 870 12
1335 871 12
1514 872 12
1515 873 12
1512 874 12
1513 875 12
1518 876 12
1519 877 12
1516 878 12
1517 879 12
1348 880 12
1333 881 12
1346 882 12
1347 883 12
1352 884 12
1353 885 12
1350 886 12
1351 887 12
1340 888 12
1341 889 12
1338 890 12
1339 891 12
1344 892 12
1345 893 12
1342 894 12
1343 895 12
1171 896 12
1172 897 12
1169 898 12
1170 899 12
1112 900 12
1113 901 12
1173 902 12
1127 903 12
1163 904 12
1164 905 12
1161 906 12
1162 907 12
1167 908 12
1168 909 12
1165 910 12
1166 911 12
1124 912 12
1125 913 12
1122 914 12
1123 915 12
1128 916 12
1129 917 12
1126 918 12
1301 919 12
1116 920 12
1117 921 12
1114 922 12
1115 923 12
1120 924 12
1121 925 12
1118 926 12
1119 927 12
1076 928 12
1077 929 12
1074 930 12
1075 931 12
1143 932 12
1144 933 12
1078 934 12
1158 935 12
1068 936 12
1069 937 12
1066 938 12
1067 939 12
1072 940 12
1073 941 12
1070 942 12
1071 943 12
1155 944 12
1156 945 12
1153 946 12
1154 947 12
1159 948 12
1160 949 12
1157 950 12
1142 951 12
1147 952 12
1148 953 12
1145 954 12
1146 955 12
1151 956 12
1152 957 12
1149 958 12
1150 959 12
1490 960 12
1491 961 12
1488 962 12
1489 963 12
1430 964 12
1431 965 12
1444 966 12
1429 967 12
1482 968 12
1483 969 12
1480 970 12
1481 971 12
1486 972 12
1487 973 12
1484 974 12
1485 975 12
1442 976 12
1443 977 12
1440 978 12
1441 979 12
1446 980 12
1447 981 12
1492 982 12
1445 983 12
1434 984 12
1435 985 12
1432 986 12
1433 987 12
1438 988 12
1439 989 12
1436 990 12
1437 991 12
1140 992 12
1141 993 12
1138 994 12
1139 995 12
1462 996 12
1463 997 12
1476 998 12
1461 999 12
1132 1000 12
1133 1001 12
1130 1002 12
1131 1003 12
1136 1004 12
1137 1005 12
1134 1006 12
1135 1007 12
1474 1008 12
1475 1009 12
1472 1010 12
1473 1011 12
1478 1012 12
1479 1013 12
1460 1014 12
1477 1015 12
1466 1016 12
1467 1017 12
1464 1018 12
1465 1019 12
1470 1020 12
1471 1021 12
1468 1022 12
1469 1023 12
3818 1024 12
3819 1025 12
3816 1026 12
3817 1027 12
3822 1028 12
3823 1029 12
3820 1030 12
3821 1031 12
3826 1032 12
3811 1033 12
3745 1034 12
3746 1035 12
3814 1036 12
3815 1037 12
3812 1038 12
3813 1039 12
3834 1040 12
3835 1041 12
3832 1042 12
3833 1043 12
3838 1044 12
3839 1045 12
3836 1046 12
3837 1047 12
3810 1048 12
3827 1049 12
3824 1050 12
3825 1051 12
3830 1052 12
3831 1053 12
3828 1054 12
3829 1055 12
3723 1056 12
3724 1057 12
3721 1058 12
3722 1059 12
3727 1060 12
3728 1061 12
3725 1062 12
3726 1063 12
3731 1064 12
3716 1065 12
3777 1066 12
3778 1067 12
3719 1068 12
3720 1069 12
3717 1070 12
3718 1071 12
3739 1072 12
3740 1073 12
3737 1074 12
3738 1075 12
3743 1076 12
3744 1077 12
3741 1078 12
3742 1079 12
3779 1080 12
3732 1081 12
3729 1082 12
3730 1083 12
3735 1084 12
3736 1085 12
3733 1086 12
3734 1087 12
3629 1088 12
3630 1089 12
3627 1090 12
3628 1091 12
3633 1092 12
3634 1093 12
3631 1094 12
3632 1095 12
3621 1096 12
3622 1097 12
3809 1098 12
3636 1099 12
3625 1100 12
3626 1101 12
3623 1102 12
3624 1103 12
3645 1104 12
3646 1105 12
3643 1106 12
3644 1107 12
3649 1108 12
3650 1109 12
3647 1110 12
3648 1111 12
3637 1112 12
3638 1113 12
3635 1114 12
3620 1115 12
3641 1116 12
3642 1117 12
3639 1118 12
3640 1119 12
3787 1120 12
3788 1121 12
3785 1122 12
3786 1123 12
3791 1124 12
3792 1125 12
3789 1126 12
3790 1127 12
3795 1128 12
3780 1129 12
3840 1130 12
3841 1131 12
3783 1132 12
3784 1133 12
3781 1134 12
3782 1135 12
3803 1136 12
3804 1137 12
3801 1138 12
3802 1139 12
3807 1140 12
3808 1141 12
3805 1142 12
3806 1143 12
3715 1144 12
3796 1145 12
3793 1146 12
3794 1147 12
3799 1148 12
3800 1149 12
3797 1150 12
3798 1151 12
2424 1152 12
2425 1153 12
2422 1154 12
2423 1155 12
2428 1156 12
2429 1157 12
2426 1158 12
2427 1159 12
2432 1160 12
2417 1161 12
2350 1162 12
2351 1163 12
2420 1164 12
2421 1165 12
2418 1166 12
2419 1167 12
2440 1168 12
2441 1169 12
2438 1170 12
2439 1171 12
2444 1172 12
2445 1173 12
2442 1174 12
2443 1175 12
2416 1176 12
2433 1177 12
2430 1178 12
2431 1179 12
2436 1180 12
2437 1181 12
2434 1182 12
2435 1183 12
2328 1184 12
2329 1185 12
2326 1186 12
2327 1187 12
2332 1188 12
2333 1189 12
2330 1190 12
2331 1191 12
2336 1192 12
2321 1193 12
2382 1194 12
2383 1195 12
2324 1196 12
2325 1197 12
2322 1198 12
2323 1199 12
2344 1200 12
2345 1201 12
2342 1202 12
2343 1203 12
2348 1204 12
2349 1205 12
2346 1206 12
2347 1207 12
2384 1208 12
2337 1209 12
2334 1210 12
2335 1211 12
2340 1212 12
2341 1213 12
2338 1214 12
2339 1215 12
3755 1216 12
3756 1217 12
3753 1218 12
3754 1219 12
3759 1220 12
3760 1221 12
3757 1222 12
3758 1223 12
3763 1224 12
3748 1225 12
2414 1226 12
2415 1227 12
3751 1228 12
3752 1229 12
3749 1230 12
3750 1231 12
3771 1232 12
3772 1233 12
3769 1234 12
3770 1235 12
3775 1236 12
3776 1237 12
3773 1238 12
3774 1239 12
3747 1240 12
3764 1241 12
3761 1242 12
3762 1243 12
3767 1244 12
3768 1245 12
3765 1246 12
3766 1247 12
2392 1248 12
2393 1249 12
2390 1250 12
2391 1251 12
2396 1252 12
2397 1253 12
2394 1254 12
2395 1255 12
2400 1256 12
2385 1257 12
2446 1258 12
2447 1259 12
2388 1260 12
2389 1261 12
2386 1262 12
2387 1263 12
2408 1264 12
2409 1265 12
2406 1266 12
2407 1267 12
2412 1268 12
2413 1269 12
2410 1270 12
2411 1271 12
2577 1272 12
2401 1273 12
2398 1274 12
2399 1275 12
2404 1276 12
2405 1277 12
2402 1278 12
2403 1279 12
4074 1280 12
4075 1281 12
4072 1282 12
4073 1283 12
4078 1284 12
4079 1285 12
4076 1286 12
4077 1287 12
4066 1288 12
4067 1289 12
4080 1290 12
4065 1291 12
4070 1292 12
4071 1293 12
4068 1294 12
4069 1295 12
4090 1296 12
4091 1297 12
4088 1298 12
4089 1299 12
4094 1300 12
4095 1301 12
4092 1302 12
4093 1303 12
4082 1304 12
4083 1305 12
4064 1306 12
4081 1307 12
4086 1308 12
4087 1309 12
4084 1310 12
4085 1311 12
3979 1312 12
3980 1313 12
3977 1314 12
3978 1315 12
3983 1316 12
3984 1317 12
3981 1318 12
3982 1319 12
3971 1320 12
3972 1321 12
3985 1322 12
3970 1323 12
3975 1324 12
3976 1325 12
3973 1326 12
3974 1327 12
3995 1328 12
3996 1329 12
3993 1330 12
3994 1331 12
3999 1332 12
4000 1333 12
3997 1334 12
3998 1335 12
3987 1336 12
3988 1337 12
4033 1338 12
3986 1339 12
3991 1340 12
3992 1341 12
3989 1342 12
3990 1343 12
3885 1344 12
3886 1345 12
3883 1346 12
3884 1347 12
3889 1348 12
3874 1349 12
3887 1350 12
3888 1351 12
3877 1352 12
3878 1353 12
3875 1354 12
3876 1355 12
3881 1356 12
3882 1357 12
3879 1358 12
3880 1359 12
3901 1360 12
3902 1361 12
3899 1362 12
3900 1363 12
3905 1364 12
3858 1365 12
3903 1366 12
3904 1367 12
3893 1368 12
3894 1369 12
3891 1370 12
3892 1371 12
3897 1372 12
3898 1373 12
3895 1374 12
3896 1375 12
4043 1376 12
4044 1377 12
4041 1378 12
4042 1379 12
4047 1380 12
4048 1381 12
4045 1382 12
4046 1383 12
4035 1384 12
4036 1385 12
4049 1386 12
4034 1387 12
4039 1388 12
4040 1389 12
4037 1390 12
4038 1391 12
4059 1392 12
4060 1393 12
4057 1394 12
4058 1395 12
4063 1396 12
3890 1397 12
4061 1398 12
4062 1399 12
4051 1400 12
4052 1401 12
3969 1402 12
4050 1403 12
4055 1404 12
4056 1405 12
4053 1406 12
4054 1407 12
3692 1408 12
3693 1409 12
3690 1410 12
3691 1411 12
3696 1412 12
3697 1413 12
3694 1414 12
3695 1415 12
3684 1416 12
3685 1417 12
3619 1418 12
3699 1419 12
3688 1420 12
3689 1421 12
3686 1422 12
3687 1423 12
3708 1424 12
3709 1425 12
3706 1426 12
3707 1427 12
3712 1428 12
3713 1429 12
3710 1430 12
3711 1431 12
3700 1432 12
3701 1433 12
3698 1434 12
3683 1435 12
3704 1436 12
3705 1437 12
3702 1438 12
3703 1439 12
3597 1440 12
3598 1441 12
3595 1442 12
3596 1443 12
3601 1444 12
3602 1445 12
3599 1446 12
3600 1447 12
3589 1448 12
3590 1449 12
3651 1450 12
3604 1451 12
3593 1452 12
3594 1453 12
3591 1454 12
3592 1455 12
3613 1456 12
3614 1457 12
3611 1458 12
3612 1459 12
3617 1460 12
3618 1461 12
3615 1462 12
3616 1463 12
3605 1464 12
3606 1465 12
3603 1466 12
3652 1467 12
3609 1468 12
3610 1469 12
3607 1470 12
3608 1471 12
4011 1472 12
4012 1473 12
4009 1474 12
4010 1475 12
4015 1476 12
4016 1477 12
4013 1478 12
4014 1479 12
4003 1480 12
4004 1481 12
4017 1482 12
4002 1483 12
4007 1484 12
4008 1485 12
4005 1486 12
4006 1487 12
4027 1488 12
4028 1489 12
4025 1490 12
4026 1491 12
4031 1492 12
4032 1493 12
4029 1494 12
4030 1495 12
4019 1496 12
4020 1497 12
4001 1498 12
4018 1499 12
4023 1500 12
4024 1501 12
4021 1502 12
4022 1503 12
3661 1504 12
3662 1505 12
3659 1506 12
3660 1507 12
3665 1508 12
3666 1509 12
3663 1510 12
3664 1511 12
3653 1512 12
3654 1513 12
3714 1514 12
3668 1515 12
3657 1516 12
3658 1517 12
3655 1518 12
3656 1519 12
3677 1520 12
3678 1521 12
3675 1522 12
3676 1523 12
3681 1524 12
3682 1525 12
3679 1526 12
3680 1527 12
3669 1528 12
3670 1529 12
3667 1530 12
3842 1531 12
3673 1532 12
3674 1533 12
3671 1534 12
3672 1535 12
2297 1536 12
2298 1537 12
2295 1538 12
2296 1539 12
2301 1540 12
2302 1541 12
2299 1542 12
2300 1543 12
2289 1544 12
2290 1545 12
2222 1546 12
2304 1547 12
2293 1548 12
2294 1549 12
2291 1550 12
2292 1551 12
2313 1552 12
2314 1553 12
2311 1554 12
2312 1555 12
2317 1556 12
2318 1557 12
2315 1558 12
2316 1559 12
2305 1560 12
2306 1561 12
2303 1562 12
2288 1563 12
2309 1564 12
2310 1565 12
2307 1566 12
2308 1567 12
2200 1568 12
2201 1569 12
2198 1570 12
2199 1571 12
2204 1572 12
2205 1573 12
2202 1574 12
2203 1575 12
2192 1576 12
2193 1577 12
2255 1578 12
2207 1579 12
2196 1580 12
2197 1581 12
2194 1582 12
2195 1583 12
2216 1584 12
2217 1585 12
2214 1586 12
2215 1587 12
2220 1588 12
2221 1589 12
2218 1590 12
2219 1591 12
2208 1592 12
2209 1593 12
2206 1594 12
2256 1595 12
2212 1596 12
2213 1597 12
2210 1598 12
2211 1599 12
2104 1600 12
2105 1601 12
2102 1602 12
2103 1603 12
2108 1604 12
2109 1605 12
2106 1606 12
2107 1607 12
2096 1608 12
2097 1609 12
2287 1610 12
2111 1611 12
2100 1612 12
2101 1613 12
2098 1614 12
2099 1615 12
2120 1616 12
2121 1617 12
2118 1618 12
2119 1619 12
2124 1620 12
2125 1621 12
2122 1622 12
2123 1623 12
2112 1624 12
2113 1625 12
2110 1626 12
2095 1627 12
2116 1628 12
2117 1629 12
2114 1630 12
2115 1631 12
2265 1632 12
2266 1633 12
2263 1634 12
2264 1635 12
2269 1636 12
2270 1637 12
2267 1638 12
2268 1639 12
2257 1640 12
2258 1641 12
2319 1642 12
2272 1643 12
2261 1644 12
2262 1645 12
2259 1646 12
2260 1647 12
2281 1648 12
2282 1649 12
2279 1650 12
2280 1651 12
2285 1652 12
2286 1653 12
2283 1654 12
2284 1655 12
2273 1656 12
2274 1657 12
2271 1658 12
2191 1659 12
2277 1660 12
2278 1661 12
2275 1662 12
2276 1663 12
2918 1664 12
2917 1665 12
2920 1666 12
2919 1667 12
2914 1668 12
2913 1669 12
2916 1670 12
2915 1671 12
2926 1672 12
2925 1673 12
2928 1674 12
2927 1675 12
2922 1676 12
2930 1677 12
2924 1678 12
2923 1679 12
2941 1680 12
2942 1681 12
2939 1682 12
2940 1683 12
2945 1684 12
2888 1685 12
2943 1686 12
2944 1687 12
2933 1688 12
2934 1689 12
2931 1690 12
2932 1691 12
2937 1692 12
2938 1693 12
2935 1694 12
2936 1695 12
2817 1696 12
2816 1697 12
2819 1698 12
2818 1699 12
2880 1700 12
2831 1701 12
2815 1702 12
2814 1703 12
2825 1704 12
2824 1705 12
2827 1706 12
2826 1707 12
2830 1708 12
2820 1709 12
2823 1710 12
2822 1711 12
2842 1712 12
2843 1713 12
2840 1714 12
2841 1715 12
2921 1716 12
2929 1717 12
2844 1718 12
2845 1719 12
2834 1720 12
2835 1721 12
2832 1722 12
2833 1723 12
2838 1724 12
2839 1725 12
2836 1726 12
2837 1727 12
2230 1728 12
2229 1729 12
2232 1730 12
2240 1731 12
2226 1732 12
2225 1733 12
2228 1734 12
2227 1735 12
2238 1736 12
2237 1737 12
2231 1738 12
2239 1739 12
2234 1740 12
2233 1741 12
2236 1742 12
2235 1743 12
2249 1744 12
2250 1745 12
2247 1746 12
2248 1747 12
2253 1748 12
2254 1749 12
2251 1750 12
2252 1751 12
2241 1752 12
2242 1753 12
2224 1754 12
2223 1755 12
2245 1756 12
2246 1757 12
2243 1758 12
2244 1759 12
2886 1760 12
2885 1761 12
2897 1762 12
2887 1763 12
2882 1764 12
2881 1765 12
2884 1766 12
2883 1767 12
2894 1768 12
2893 1769 12
2896 1770 12
2895 1771 12
2890 1772 12
2889 1773 12
2892 1774 12
2891 1775 12
2907 1776 12
2908 1777 12
2905 1778 12
2906 1779 12
2911 1780 12
2912 1781 12
2909 1782 12
2910 1783 12
2899 1784 12
2900 1785 12
2567 1786 12
2898 1787 12
2903 1788 12
2904 1789 12
2901 1790 12
2902 1791 12
2553 1792 12
2554 1793 12
2551 1794 12
2552 1795 12
2557 1796 12
2558 1797 12
2555 1798 12
2556 1799 12
2561 1800 12
2546 1801 12
2478 1802 12
2479 1803 12
2549 1804 12
2550 1805 12
2547 1806 12
2548 1807 12
2569 1808 12
2570 1809 12
3095 1810 12
2568 1811 12
2573 1812 12
2574 1813 12
2571 1814 12
2572 1815 12
2545 1816 12
2562 1817 12
2559 1818 12
2560 1819 12
2565 1820 12
2566 1821 12
2563 1822 12
2564 1823 12
2456 1824 12
2457 1825 12
2454 1826 12
2455 1827 12
2460 1828 12
2461 1829 12
2458 1830 12
2459 1831 12
2464 1832 12
2449 1833 12
2511 1834 12
2512 1835 12
2452 1836 12
2453 1837 12
2450 1838 12
2451 1839 12
2472 1840 12
2473 1841 12
2470 1842 12
2471 1843 12
2476 1844 12
2477 1845 12
2474 1846 12
2475 1847 12
2513 1848 12
2465 1849 12
2462 1850 12
2463 1851 12
2468 1852 12
2469 1853 12
2466 1854 12
2467 1855 12
2360 1856 12
2361 1857 12
2358 1858 12
2359 1859 12
2364 1860 12
2365 1861 12
2362 1862 12
2363 1863 12
2368 1864 12
2353 1865 12
2543 1866 12
2544 1867 12
2356 1868 12
2357 1869 12
2354 1870 12
2355 1871 12
2376 1872 12
2377 1873 12
2374 1874 12
2375 1875 12
2380 1876 12
2381 1877 12
2378 1878 12
2379 1879 12
2352 1880 12
2369 1881 12
2366 1882 12
2367 1883 12
2372 1884 12
2373 1885 12
2370 1886 12
2371 1887 12
2521 1888 12
2522 1889 12
2519 1890 12
2520 1891 12
2525 1892 12
2526 1893 12
2523 1894 12
2524 1895 12
2529 1896 12
2514 1897 12
2575 1898 12
2576 1899 12
2517 1900 12
2518 1901 12
2515 1902 12
2516 1903 12
2537 1904 12
2538 1905 12
2535 1906 12
2536 1907 12
2541 1908 12
2542 1909 12
2539 1910 12
2540 1911 12
2448 1912 12
2530 1913 12
2527 1914 12
2528 1915 12
2533 1916 12
2534 1917 12
2531 1918 12
2532 1919 12
2168 1920 12
2169 1921 12
2166 1922 12
2167 1923 12
2172 1924 12
2173 1925 12
2170 1926 12
2171 1927 12
2160 1928 12
2161 1929 12
2094 1930 12
2175 1931 12
2164 1932 12
2165 1933 12
2162 1934 12
2163 1935 12
2184 1936 12
2185 1937 12
2182 1938 12
2183 1939 12
2188 1940 12
2189 1941 12
2186 1942 12
2187 1943 12
2176 1944 12
2177 1945 12
2174 1946 12
2159 1947 12
2180 1948 12
2181 1949 12
2178 1950 12
2179 1951 12
2072 1952 12
2073 1953 12
2070 1954 12
2071 1955 12
2076 1956 12
2077 1957 12
2074 1958 12
2075 1959 12
2064 1960 12
2065 1961 12
2126 1962 12
2079 1963 12
2068 1964 12
2069 1965 12
2066 1966 12
2067 1967 12
2088 1968 12
2089 1969 12
2086 1970 12
2087 1971 12
2092 1972 12
2093 1973 12
2090 1974 12
2091 1975 12
2080 1976 12
2081 1977 12
2078 1978 12
2127 1979 12
2084 1980 12
2085 1981 12
2082 1982 12
2083 1983 12
2497 1984 12
2487 1985 12
2490 1986 12
2489 1987 12
2484 1988 12
2483 1989 12
2486 1990 12
2485 1991 12
2496 1992 12
2495 1993 12
2158 1994 12
2488 1995 12
2492 1996 12
2491 1997 12
2494 1998 12
2493 1999 12
2505 2000 12
2506 2001 12
2503 2002 12
2504 2003 12
2509 2004 12
2510 2005 12
2507 2006 12
2508 2007 12
2480 2008 12
2498 2009 12
2482 2010 12
2481 2011 12
2501 2012 12
2502 2013 12
2499 2014 12
2500 2015 12
2136 2016 12
2137 2017 12
2134 2018 12
2135 2019 12
2140 2020 12
2141 2021 12
2138 2022 12
2139 2023 12
2128 2024 12
2129 2025 12
2190 2026 12
2143 2027 12
2132 2028 12
2133 2029 12
2130 2030 12
2131 2031 12
2152 2032 12
2153 2033 12
2150 2034 12
2151 2035 12
2156 2036 12
2157 2037 12
2154 2038 12
2155 2039 12
2144 2040 12
2145 2041 12
2142 2042 12
2320 2043 12
2148 2044 12
2149 2045 12
2146 2046 12
2147 2047 12
761 2048 12
778 2049 12
775 2050 12
776 2051 12
781 2052 12
782 2053 12
779 2054 12
780 2055 12
769 2056 12
770 2057 12
767 2058 12
768 2059 12
773 2060 12
774 2061 12
771 2062 12
772 2063 12
745 2064 12
730 2065 12
791 2066 12
792 2067 12
733 2068 12
734 2069 12
731 2070 12
732 2071 12
785 2072 12
786 2073 12
783 2074 12
784 2075 12
789 2076 12
790 2077 12
787 2078 12
788 2079 12
729 2080 12
681 2081 12
678 2082 12
679 2083 12
684 2084 12
685 2085 12
682 2086 12
683 2087 12
672 2088 12
673 2089 12
670 2090 12
671 2091 12
676 2092 12
677 2093 12
674 2094 12
675 2095 12
777 2096 12
762 2097 12
695 2098 12
696 2099 12
765 2100 12
766 2101 12
763 2102 12
764 2103 12
688 2104 12
689 2105 12
686 2106 12
687 2107 12
693 2108 12
694 2109 12
690 2110 12
691 2111 12
585 2112 12
586 2113 12
583 2114 12
568 2115 12
589 2116 12
590 2117 12
587 2118 12
588 2119 12
577 2120 12
578 2121 12
575 2122 12
576 2123 12
581 2124 12
582 2125 12
579 2126 12
580 2127 12
529 2128 12
530 2129 12
599 2130 12
549 2131 12
533 2132 12
534 2133 12
531 2134 12
532 2135 12
593 2136 12
594 2137 12
591 2138 12
592 2139 12
597 2140 12
598 2141 12
595 2142 12
596 2143 12
664 2144 12
746 2145 12
743 2146 12
744 2147 12
749 2148 12
750 2149 12
747 2150 12
748 2151 12
737 2152 12
738 2153 12
735 2154 12
736 2155 12
741 2156 12
742 2157 12
739 2158 12
740 2159 12
569 2160 12
570 2161 12
760 2162 12
584 2163 12
573 2164 12
574 2165 12
571 2166 12
572 2167 12
753 2168 12
754 2169 12
751 2170 12
752 2171 12
758 2172 12
759 2173 12
755 2174 12
757 2175 12
3444 2176 12
3429 2177 12
3442 2178 12
3443 2179 12
3448 2180 12
3449 2181 12
3446 2182 12
3447 2183 12
3436 2184 12
3437 2185 12
3434 2186 12
3435 2187 12
3440 2188 12
3441 2189 12
3438 2190 12
3439 2191 12
3460 2192 12
3414 2193 12
3458 2194 12
3459 2195 12
3401 2196 12
3402 2197 12
3399 2198 12
3400 2199 12
3452 2200 12
3453 2201 12
3450 2202 12
3451 2203 12
3456 2204 12
3457 2205 12
3454 2206 12
3455 2207 12
3349 2208 12
3398 2209 12
3347 2210 12
3348 2211 12
3353 2212 12
3354 2213 12
3351 2214 12
3352 2215 12
3341 2216 12
3342 2217 12
3339 2218 12
3340 2219 12
3345 2220 12
3346 2221 12
3343 2222 12
3344 2223 12
3365 2224 12
3445 2225 12
3363 2226 12
3364 2227 12
3432 2228 12
3433 2229 12
3430 2230 12
3431 2231 12
3357 2232 12
3358 2233 12
3355 2234 12
3356 2235 12
3361 2236 12
3362 2237 12
3359 2238 12
3360 2239 12
697 2240 12
714 2241 12
711 2242 12
712 2243 12
717 2244 12
718 2245 12
715 2246 12
716 2247 12
705 2248 12
706 2249 12
703 2250 12
704 2251 12
709 2252 12
710 2253 12
707 2254 12
708 2255 12
680 2256 12
665 2257 12
727 2258 12
728 2259 12
668 2260 12
669 2261 12
666 2262 12
667 2263 12
721 2264 12
722 2265 12
719 2266 12
720 2267 12
725 2268 12
726 2269 12
723 2270 12
724 2271 12
3413 2272 12
3080 2273 12
3411 2274 12
3412 2275 12
3417 2276 12
3418 2277 12
3415 2278 12
3416 2279 12
3405 2280 12
3406 2281 12
3403 2282 12
3404 2283 12
3409 2284 12
3410 2285 12
3407 2286 12
3408 2287 12
713 2288 12
698 2289 12
3427 2290 12
3428 2291 12
701 2292 12
702 2293 12
699 2294 12
700 2295 12
3421 2296 12
3422 2297 12
3419 2298 12
3420 2299 12
3425 2300 12
3426 2301 12
3423 2302 12
3424 2303 12
1033 2304 12
1034 2305 12
1015 2306 12
1032 2307 12
1037 2308 12
1038 2309 12
1035 2310 12
1036 2311 12
1025 2312 12
1026 2313 12
1023 2314 12
1024 2315 12
1029 2316 12
1030 2317 12
1027 2318 12
1028 2319 12
986 2320 12
987 2321 12
1000 2322 12
985 2323 12
990 2324 12
991 2325 12
988 2326 12
989 2327 12
1041 2328 12
1042 2329 12
1039 2330 12
1040 2331 12
1045 2332 12
1046 2333 12
1043 2334 12
1044 2335 12
938 2336 12
939 2337 12
984 2338 12
937 2339 12
942 2340 12
943 2341 12
940 2342 12
941 2343 12
930 2344 12
931 2345 12
928 2346 12
929 2347 12
934 2348 12
935 2349 12
932 2350 12
933 2351 12
1017 2352 12
1018 2353 12
1031 2354 12
1016 2355 12
1021 2356 12
1022 2357 12
1019 2358 12
1020 2359 12
946 2360 12
947 2361 12
944 2362 12
945 2363 12
950 2364 12
951 2365 12
948 2366 12
949 2367 12
844 2368 12
845 2369 12
842 2370 12
843 2371 12
848 2372 12
849 2373 12
846 2374 12
847 2375 12
836 2376 12
837 2377 12
834 2378 12
835 2379 12
840 2380 12
825 2381 12
838 2382 12
839 2383 12
796 2384 12
797 2385 12
794 2386 12
795 2387 12
800 2388 12
801 2389 12
798 2390 12
799 2391 12
852 2392 12
853 2393 12
850 2394 12
851 2395 12
856 2396 12
809 2397 12
854 2398 12
855 2399 12
1002 2400 12
1003 2401 12
920 2402 12
1001 2403 12
1006 2404 12
1007 2405 12
1004 2406 12
1005 2407 12
994 2408 12
995 2409 12
992 2410 12
993 2411 12
998 2412 12
999 2413 12
996 2414 12
997 2415 12
828 2416 12
829 2417 12
826 2418 12
827 2419 12
832 2420 12
833 2421 12
830 2422 12
831 2423 12
1010 2424 12
1011 2425 12
1008 2426 12
1009 2427 12
1014 2428 12
841 2429 12
1012 2430 12
1013 2431 12
649 2432 12
650 2433 12
647 2434 12
632 2435 12
653 2436 12
654 2437 12
651 2438 12
652 2439 12
641 2440 12
642 2441 12
639 2442 12
640 2443 12
645 2444 12
646 2445 12
643 2446 12
644 2447 12
601 2448 12
602 2449 12
663 2450 12
616 2451 12
605 2452 12
606 2453 12
603 2454 12
604 2455 12
657 2456 12
658 2457 12
655 2458 12
656 2459 12
661 2460 12
662 2461 12
659 2462 12
660 2463 12
550 2464 12
551 2465 12
548 2466 12
600 2467 12
555 2468 12
556 2469 12
553 2470 12
554 2471 12
537 2472 12
539 2473 12
535 2474 12
536 2475 12
545 2476 12
546 2477 12
541 2478 12
542 2479 12
633 2480 12
634 2481 12
567 2482 12
648 2483 12
637 2484 12
638 2485 12
635 2486 12
636 2487 12
560 2488 12
561 2489 12
558 2490 12
559 2491 12
565 2492 12
566 2493 12
562 2494 12
564 2495 12
970 2496 12
971 2497 12
952 2498 12
969 2499 12
974 2500 12
975 2501 12
972 2502 12
973 2503 12
962 2504 12
963 2505 12
960 2506 12
961 2507 12
966 2508 12
967 2509 12
964 2510 12
965 2511 12
922 2512 12
923 2513 12
936 2514 12
921 2515 12
926 2516 12
927 2517 12
924 2518 12
925 2519 12
978 2520 12
979 2521 12
976 2522 12
977 2523 12
982 2524 12
983 2525 12
980 2526 12
981 2527 12
617 2528 12
618 2529 12
615 2530 12
793 2531 12
622 2532 12
623 2533 12
619 2534 12
621 2535 12
609 2536 12
610 2537 12
607 2538 12
608 2539 12
613 2540 12
614 2541 12
611 2542 12
612 2543 12
954 2544 12
955 2545 12
968 2546 12
953 2547 12
958 2548 12
959 2549 12
956 2550 12
957 2551 12
626 2552 12
627 2553 12
624 2554 12
625 2555 12
630 2556 12
631 2557 12
628 2558 12
629 2559 12
3314 2560 12
3315 2561 12
3312 2562 12
3313 2563 12
3302 2564 12
3319 2565 12
3316 2566 12
3317 2567 12
3306 2568 12
3307 2569 12
3304 2570 12
3305 2571 12
3310 2572 12
3311 2573 12
3308 2574 12
3309 2575 12
3330 2576 12
3331 2577 12
3328 2578 12
3329 2579 12
3287 2580 12
3272 2581 12
3332 2582 12
3333 2583 12
3322 2584 12
3323 2585 12
3320 2586 12
3321 2587 12
3326 2588 12
3327 2589 12
3324 2590 12
3325 2591 12
3219 2592 12
3220 2593 12
3217 2594 12
3218 2595 12
3271 2596 12
3224 2597 12
3221 2598 12
3222 2599 12
3211 2600 12
3212 2601 12
3209 2602 12
3210 2603 12
3215 2604 12
3216 2605 12
3213 2606 12
3214 2607 12
3235 2608 12
3236 2609 12
3233 2610 12
3234 2611 12
3318 2612 12
3303 2613 12
3237 2614 12
3238 2615 12
3227 2616 12
3228 2617 12
3225 2618 12
3226 2619 12
3231 2620 12
3232 2621 12
3229 2622 12
3230 2623 12
3125 2624 12
3126 2625 12
3123 2626 12
3124 2627 12
3129 2628 12
3130 2629 12
3127 2630 12
3112 2631 12
3117 2632 12
3118 2633 12
3115 2634 12
3116 2635 12
3121 2636 12
3122 2637 12
3119 2638 12
3120 2639 12
3141 2640 12
3142 2641 12
3139 2642 12
3140 2643 12
3081 2644 12
3082 2645 12
3143 2646 12
3096 2647 12
3133 2648 12
3134 2649 12
3131 2650 12
3132 2651 12
3137 2652 12
3138 2653 12
3135 2654 12
3136 2655 12
3283 2656 12
3284 2657 12
3281 2658 12
3282 2659 12
3207 2660 12
3288 2661 12
3285 2662 12
3286 2663 12
3275 2664 12
3276 2665 12
3273 2666 12
3274 2667 12
3279 2668 12
3280 2669 12
3277 2670 12
3278 2671 12
3299 2672 12
3300 2673 12
3297 2674 12
3298 2675 12
3113 2676 12
3114 2677 12
3301 2678 12
3128 2679 12
3291 2680 12
3292 2681 12
3289 2682 12
3290 2683 12
3295 2684 12
3296 2685 12
3293 2686 12
3294 2687 12
3948 2688 12
3949 2689 12
3946 2690 12
3947 2691 12
3952 2692 12
3937 2693 12
3950 2694 12
3951 2695 12
3940 2696 12
3941 2697 12
3938 2698 12
3939 2699 12
3944 2700 12
3945 2701 12
3942 2702 12
3943 2703 12
3964 2704 12
3965 2705 12
3962 2706 12
3963 2707 12
3968 2708 12
3922 2709 12
3966 2710 12
3967 2711 12
3956 2712 12
3957 2713 12
3954 2714 12
3955 2715 12
3960 2716 12
3961 2717 12
3958 2718 12
3959 2719 12
3853 2720 12
3854 2721 12
3851 2722 12
3852 2723 12
3857 2724 12
3906 2725 12
3855 2726 12
3856 2727 12
3845 2728 12
3846 2729 12
3843 2730 12
3844 2731 12
3849 2732 12
3850 2733 12
3847 2734 12
3848 2735 12
3869 2736 12
3870 2737 12
3867 2738 12
3868 2739 12
3873 2740 12
3953 2741 12
3871 2742 12
3872 2743 12
3861 2744 12
3862 2745 12
3859 2746 12
3860 2747 12
3865 2748 12
3866 2749 12
3863 2750 12
3864 2751 12
3251 2752 12
3252 2753 12
3249 2754 12
3250 2755 12
3239 2756 12
3256 2757 12
3253 2758 12
3254 2759 12
3243 2760 12
3244 2761 12
3241 2762 12
3242 2763 12
3247 2764 12
3248 2765 12
3245 2766 12
3246 2767 12
3267 2768 12
3268 2769 12
3265 2770 12
3266 2771 12
3223 2772 12
3208 2773 12
3269 2774 12
3270 2775 12
3259 2776 12
3260 2777 12
3257 2778 12
3258 2779 12
3263 2780 12
3264 2781 12
3261 2782 12
3262 2783 12
3917 2784 12
3918 2785 12
3915 2786 12
3916 2787 12
3921 2788 12
3588 2789 12
3919 2790 12
3920 2791 12
3909 2792 12
3910 2793 12
3907 2794 12
3908 2795 12
3913 2796 12
3914 2797 12
3911 2798 12
3912 2799 12
3933 2800 12
3934 2801 12
3931 2802 12
3932 2803 12
3255 2804 12
3240 2805 12
3935 2806 12
3936 2807 12
3925 2808 12
3926 2809 12
3923 2810 12
3924 2811 12
3929 2812 12
3930 2813 12
3927 2814 12
3928 2815 12
3570 2816 12
3571 2817 12
3568 2818 12
3569 2819 12
3574 2820 12
3575 2821 12
3556 2822 12
3573 2823 12
3562 2824 12
3563 2825 12
3560 2826 12
3561 2827 12
3566 2828 12
3567 2829 12
3564 2830 12
3565 2831 12
3586 2832 12
3587 2833 12
3584 2834 12
3585 2835 12
3527 2836 12
3528 2837 12
3541 2838 12
3526 2839 12
3578 2840 12
3579 2841 12
3576 2842 12
3577 2843 12
3582 2844 12
3583 2845 12
3580 2846 12
3581 2847 12
3475 2848 12
3476 2849 12
3473 2850 12
3474 2851 12
3479 2852 12
3480 2853 12
3525 2854 12
3478 2855 12
3467 2856 12
3468 2857 12
3465 2858 12
3466 2859 12
3471 2860 12
3472 2861 12
3469 2862 12
3470 2863 12
3491 2864 12
3492 2865 12
3489 2866 12
3490 2867 12
3558 2868 12
3559 2869 12
3572 2870 12
3557 2871 12
3483 2872 12
3484 2873 12
3481 2874 12
3482 2875 12
3487 2876 12
3488 2877 12
3485 2878 12
3486 2879 12
3381 2880 12
3366 2881 12
3379 2882 12
3380 2883 12
3385 2884 12
3386 2885 12
3383 2886 12
3384 2887 12
3373 2888 12
3374 2889 12
3371 2890 12
3372 2891 12
3377 2892 12
3378 2893 12
3375 2894 12
3376 2895 12
3397 2896 12
3350 2897 12
3395 2898 12
3396 2899 12
3337 2900 12
3338 2901 12
3335 2902 12
3336 2903 12
3389 2904 12
3390 2905 12
3387 2906 12
3388 2907 12
3393 2908 12
3394 2909 12
3391 2910 12
3392 2911 12
3539 2912 12
3540 2913 12
3537 2914 12
3538 2915 12
3543 2916 12
3544 2917 12
3461 2918 12
3542 2919 12
3531 2920 12
3532 2921 12
3529 2922 12
3530 2923 12
3535 2924 12
3536 2925 12
3533 2926 12
3534 2927 12
3555 2928 12
3382 2929 12
3553 2930 12
3554 2931 12
3369 2932 12
3370 2933 12
3367 2934 12
3368 2935 12
3547 2936 12
3548 2937 12
3545 2938 12
3546 2939 12
3551 2940 12
3552 2941 12
3549 2942 12
3550 2943 12
3188 2944 12
3189 2945 12
3186 2946 12
3187 2947 12
3192 2948 12
3193 2949 12
3190 2950 12
3175 2951 12
3180 2952 12
3181 2953 12
3178 2954 12
3179 2955 12
3184 2956 12
3185 2957 12
3182 2958 12
3183 2959 12
3204 2960 12
3205 2961 12
3202 2962 12
3203 2963 12
3145 2964 12
3146 2965 12
3206 2966 12
3160 2967 12
3196 2968 12
3197 2969 12
3194 2970 12
3195 2971 12
3200 2972 12
3201 2973 12
3198 2974 12
3199 2975 12
3093 2976 12
3094 2977 12
3091 2978 12
3092 2979 12
3097 2980 12
3098 2981 12
2048 2982 12
3144 2983 12
3085 2984 12
3086 2985 12
3083 2986 12
3084 2987 12
3089 2988 12
3090 2989 12
3087 2990 12
3088 2991 12
3109 2992 12
3110 2993 12
3107 2994 12
3108 2995 12
3176 2996 12
3177 2997 12
3111 2998 12
3191 2999 12
3101 3000 12
3102 3001 12
3099 3002 12
3100 3003 12
3105 3004 12
3106 3005 12
3103 3006 12
3104 3007 12
3507 3008 12
3508 3009 12
3505 3010 12
3506 3011 12
3511 3012 12
3512 3013 12
3493 3014 12
3510 3015 12
3499 3016 12
3500 3017 12
3497 3018 12
3498 3019 12
3503 3020 12
3504 3021 12
3501 3022 12
3502 3023 12
3523 3024 12
3524 3025 12
3521 3026 12
3522 3027 12
3463 3028 12
3464 3029 12
3477 3030 12
3462 3031 12
3515 3032 12
3516 3033 12
3513 3034 12
3514 3035 12
3519 3036 12
3520 3037 12
3517 3038 12
3518 3039 12
3157 3040 12
3158 3041 12
3155 3042 12
3156 3043 12
3161 3044 12
3162 3045 12
3159 3046 12
3334 3047 12
3149 3048 12
3150 3049 12
3147 3050 12
3148 3051 12
3153 3052 12
3154 3053 12
3151 3054 12
3152 3055 12
3173 3056 12
3174 3057 12
3171 3058 12
3172 3059 12
3495 3060 12
3496 3061 12
3509 3062 12
3494 3063 12
3165 3064 12
3166 3065 12
3163 3066 12
3164 3067 12
3169 3068 12
3170 3069 12
3167 3070 12
3168 3071 12
1801 3072 12
1802 3073 12
1799 3074 12
1800 3075 12
1805 3076 12
1806 3077 12
1803 3078 12
1804 3079 12
1777 3080 12
1794 3081 12
1791 3082 12
1792 3083 12
1797 3084 12
1798 3085 12
1795 3086 12
1796 3087 12
1754 3088 12
1755 3089 12
1752 3090 12
1753 3091 12
1758 3092 12
1759 3093 12
1756 3094 12
1757 3095 12
1762 3096 12
1747 3097 12
1807 3098 12
1808 3099 12
1750 3100 12
1751 3101 12
1748 3102 12
1749 3103 12
1706 3104 12
1707 3105 12
1704 3106 12
1705 3107 12
1710 3108 12
1711 3109 12
1708 3110 12
1709 3111 12
1746 3112 12
1699 3113 12
1696 3114 12
1697 3115 12
1702 3116 12
1703 3117 12
1700 3118 12
1701 3119 12
1785 3120 12
1786 3121 12
1783 3122 12
1784 3123 12
1789 3124 12
1790 3125 12
1787 3126 12
1788 3127 12
1793 3128 12
1778 3129 12
1712 3130 12
1713 3131 12
1781 3132 12
1782 3133 12
1779 3134 12
1780 3135 12
1612 3136 12
1613 3137 12
1610 3138 12
1611 3139 12
1616 3140 12
1617 3141 12
1614 3142 12
1615 3143 12
1604 3144 12
1605 3145 12
1602 3146 12
1587 3147 12
1608 3148 12
1609 3149 12
1606 3150 12
1607 3151 12
1564 3152 12
1565 3153 12
1562 3154 12
1563 3155 12
1568 3156 12
1569 3157 12
1566 3158 12
1567 3159 12
1556 3160 12
1557 3161 12
1618 3162 12
1571 3163 12
1560 3164 12
1561 3165 12
1558 3166 12
1559 3167 12
1770 3168 12
1771 3169 12
1768 3170 12
1769 3171 12
1774 3172 12
1775 3173 12
1772 3174 12
1773 3175 12
1682 3176 12
1763 3177 12
1760 3178 12
1761 3179 12
1766 3180 12
1767 3181 12
1764 3182 12
1765 3183 12
1596 3184 12
1597 3185 12
1594 3186 12
1595 3187 12
1600 3188 12
1601 3189 12
1598 3190 12
1599 3191 12
1588 3192 12
1589 3193 12
1776 3194 12
1603 3195 12
1592 3196 12
1593 3197 12
1590 3198 12
1591 3199 12
376 3200 12
377 3201 12
374 3202 12
375 3203 12
380 3204 12
381 3205 12
378 3206 12
379 3207 12
367 3208 12
352 3209 12
365 3210 12
366 3211 12
371 3212 12
372 3213 12
369 3214 12
370 3215 12
327 3216 12
328 3217 12
325 3218 12
326 3219 12
331 3220 12
332 3221 12
329 3222 12
330 3223 12
385 3224 12
336 3225 12
382 3226 12
383 3227 12
323 3228 12
324 3229 12
321 3230 12
322 3231 12
277 3232 12
278 3233 12
275 3234 12
276 3235 12
281 3236 12
282 3237 12
279 3238 12
280 3239 12
269 3240 12
320 3241 12
267 3242 12
268 3243 12
273 3244 12
274 3245 12
271 3246 12
272 3247 12
359 3248 12
360 3249 12
357 3250 12
358 3251 12
363 3252 12
364 3253 12
361 3254 12
362 3255 12
285 3256 12
368 3257 12
283 3258 12
284 3259 12
355 3260 12
356 3261 12
353 3262 12
354 3263 12
1738 3264 12
1739 3265 12
1736 3266 12
1737 3267 12
1742 3268 12
1743 3269 12
1740 3270 12
1741 3271 12
1714 3272 12
1731 3273 12
1728 3274 12
1729 3275 12
1734 3276 12
1735 3277 12
1732 3278 12
1733 3279 12
1690 3280 12
1691 3281 12
1688 3282 12
1689 3283 12
1694 3284 12
1695 3285 12
1692 3286 12
1693 3287 12
1698 3288 12
1683 3289 12
1744 3290 12
1745 3291 12
1686 3292 12
1687 3293 12
1684 3294 12
1685 3295 12
344 3296 12
345 3297 12
341 3298 12
343 3299 12
348 3300 12
349 3301 12
346 3302 12
347 3303 12
335 3304 12
1047 3305 12
333 3306 12
334 3307 12
339 3308 12
340 3309 12
337 3310 12
338 3311 12
1722 3312 12
1723 3313 12
1720 3314 12
1721 3315 12
1726 3316 12
1727 3317 12
1724 3318 12
1725 3319 12
1730 3320 12
1715 3321 12
350 3322 12
351 3323 12
1718 3324 12
1719 3325 12
1716 3326 12
1717 3327 12
2057 3328 12
2058 3329 12
2055 3330 12
2056 3331 12
2061 3332 12
2062 3333 12
2059 3334 12
2060 3335 12
2049 3336 12
2050 3337 12
2031 3338 12
0 3339 12
2053 3340 12
2054 3341 12
2051 3342 12
2052 3343 12
2010 3344 12
2011 3345 12
2008 3346 12
2009 3347 12
2014 3348 12
2015 3349 12
2012 3350 12
2013 3351 12
2002 3352 12
2003 3353 12
2016 3354 12
2001 3355 12
2006 3356 12
2007 3357 12
2004 3358 12
2005 3359 12
1962 3360 12
1963 3361 12
1960 3362 12
1961 3363 12
1966 3364 12
1967 3365 12
1964 3366 12
1965 3367 12
1954 3368 12
1955 3369 12
2000 3370 12
1953 3371 12
1958 3372 12
1959 3373 12
1956 3374 12
1957 3375 12
2041 3376 12
2042 3377 12
2039 3378 12
2040 3379 12
2045 3380 12
2046 3381 12
2043 3382 12
2044 3383 12
2033 3384 12
2034 3385 12
2047 3386 12
2032 3387 12
2037 3388 12
2038 3389 12
2035 3390 12
2036 3391 12
1868 3392 12
1869 3393 12
1866 3394 12
1867 3395 12
1872 3396 12
1825 3397 12
1870 3398 12
1871 3399 12
1860 3400 12
1861 3401 12
1858 3402 12
1859 3403 12
1864 3404 12
1865 3405 12
1862 3406 12
1863 3407 12
1820 3408 12
1821 3409 12
1818 3410 12
1819 3411 12
1824 3412 12
1873 3413 12
1822 3414 12
1823 3415 12
1812 3416 12
1813 3417 12
1810 3418 12
1811 3419 12
1816 3420 12
1817 3421 12
1814 3422 12
1815 3423 12
2026 3424 12
2027 3425 12
2024 3426 12
2025 3427 12
2030 3428 12
1857 3429 12
2028 3430 12
2029 3431 12
2018 3432 12
2019 3433 12
1936 3434 12
2017 3435 12
2022 3436 12
2023 3437 12
2020 3438 12
2021 3439 12
1852 3440 12
1853 3441 12
1850 3442 12
1851 3443 12
1856 3444 12
1841 3445 12
1854 3446 12
1855 3447 12
1844 3448 12
1845 3449 12
1842 3450 12
1843 3451 12
1848 3452 12
1849 3453 12
1846 3454 12
1847 3455 12
1675 3456 12
1676 3457 12
1673 3458 12
1674 3459 12
1679 3460 12
1680 3461 12
1677 3462 12
1678 3463 12
1667 3464 12
1668 3465 12
1665 3466 12
1650 3467 12
1671 3468 12
1672 3469 12
1669 3470 12
1670 3471 12
1628 3472 12
1629 3473 12
1626 3474 12
1627 3475 12
1632 3476 12
1633 3477 12
1630 3478 12
1631 3479 12
1620 3480 12
1621 3481 12
1681 3482 12
1635 3483 12
1624 3484 12
1625 3485 12
1622 3486 12
1623 3487 12
1580 3488 12
1581 3489 12
1578 3490 12
1579 3491 12
1584 3492 12
1585 3493 12
1582 3494 12
1583 3495 12
1572 3496 12
1573 3497 12
1570 3498 12
1619 3499 12
1576 3500 12
1577 3501 12
1574 3502 12
1575 3503 12
1659 3504 12
1660 3505 12
1657 3506 12
1658 3507 12
1663 3508 12
1664 3509 12
1661 3510 12
1662 3511 12
1651 3512 12
1652 3513 12
1586 3514 12
1666 3515 12
1655 3516 12
1656 3517 12
1653 3518 12
1654 3519 12
1994 3520 12
1995 3521 12
1992 3522 12
1993 3523 12
1998 3524 12
1999 3525 12
1996 3526 12
1997 3527 12
1986 3528 12
1987 3529 12
1968 3530 12
1985 3531 12
1990 3532 12
1991 3533 12
1988 3534 12
1989 3535 12
1946 3536 12
1947 3537 12
1944 3538 12
1945 3539 12
1950 3540 12
1951 3541 12
1948 3542 12
1949 3543 12
1938 3544 12
1939 3545 12
1952 3546 12
1937 3547 12
1942 3548 12
1943 3549 12
1940 3550 12
1941 3551 12
1644 3552 12
1645 3553 12
1642 3554 12
1643 3555 12
1648 3556 12
1649 3557 12
1646 3558 12
1647 3559 12
1636 3560 12
1637 3561 12
1634 3562 12
1809 3563 12
1640 3564 12
1641 3565 12
1638 3566 12
1639 3567 12
1978 3568 12
1979 3569 12
1976 3570 12
1977 3571 12
1982 3572 12
1983 3573 12
1980 3574 12
1981 3575 12
1970 3576 12
1971 3577 12
1984 3578 12
1969 3579 12
1974 3580 12
1975 3581 12
1972 3582 12
1973 3583 12
242 3584 12
243 3585 12
240 3586 12
241 3587 12
246 3588 12
247 3589 12
244 3590 12
245 3591 12
234 3592 12
235 3593 12
232 3594 12
233 3595 12
222 3596 12
239 3597 12
236 3598 12
237 3599 12
195 3600 12
196 3601 12
193 3602 12
194 3603 12
199 3604 12
200 3605 12
197 3606 12
198 3607 12
250 3608 12
251 3609 12
248 3610 12
249 3611 12
207 3612 12
192 3613 12
252 3614 12
253 3615 12
147 3616 12
148 3617 12
145 3618 12
146 3619 12
151 3620 12
152 3621 12
149 3622 12
150 3623 12
139 3624 12
140 3625 12
137 3626 12
138 3627 12
191 3628 12
144 3629 12
141 3630 12
142 3631 12
226 3632 12
227 3633 12
224 3634 12
225 3635 12
230 3636 12
231 3637 12
228 3638 12
229 3639 12
155 3640 12
156 3641 12
153 3642 12
154 3643 12
238 3644 12
223 3645 12
157 3646 12
158 3647 12
53 3648 12
54 3649 12
51 3650 12
52 3651 12
57 3652 12
58 3653 12
55 3654 12
56 3655 12
45 3656 12
46 3657 12
43 3658 12
44 3659 12
49 3660 12
50 3661 12
47 3662 12
32 3663 12
5 3664 12
6 3665 12
3 3666 12
4 3667 12
9 3668 12
10 3669 12
7 3670 12
8 3671 12
61 3672 12
62 3673 12
59 3674 12
60 3675 12
1 3676 12
2 3677 12
63 3678 12
16 3679 12
211 3680 12
212 3681 12
209 3682 12
210 3683 12
215 3684 12
216 3685 12
213 3686 12
214 3687 12
203 3688 12
204 3689 12
201 3690 12
202 3691 12
127 3692 12
208 3693 12
205 3694 12
206 3695 12
37 3696 12
38 3697 12
35 3698 12
36 3699 12
41 3700 12
42 3701 12
39 3702 12
40 3703 12
219 3704 12
220 3705 12
217 3706 12
218 3707 12
33 3708 12
34 3709 12
221 3710 12
48 3711 12
907 3712 12
908 3713 12
905 3714 12
906 3715 12
911 3716 12
912 3717 12
909 3718 12
910 3719 12
899 3720 12
900 3721 12
897 3722 12
898 3723 12
903 3724 12
888 3725 12
901 3726 12
902 3727 12
860 3728 12
861 3729 12
858 3730 12
859 3731 12
864 3732 12
865 3733 12
862 3734 12
863 3735 12
915 3736 12
916 3737 12
913 3738 12
914 3739 12
919 3740 12
873 3741 12
917 3742 12
918 3743 12
812 3744 12
813 3745 12
810 3746 12
811 3747 12
816 3748 12
817 3749 12
814 3750 12
815 3751 12
804 3752 12
805 3753 12
802 3754 12
803 3755 12
808 3756 12
857 3757 12
806 3758 12
807 3759 12
891 3760 12
892 3761 12
889 3762 12
890 3763 12
895 3764 12
896 3765 12
893 3766 12
894 3767 12
820 3768 12
821 3769 12
818 3770 12
819 3771 12
824 3772 12
904 3773 12
822 3774 12
823 3775 12
179 3776 12
180 3777 12
177 3778 12
178 3779 12
183 3780 12
184 3781 12
181 3782 12
182 3783 12
171 3784 12
172 3785 12
169 3786 12
170 3787 12
159 3788 12
176 3789 12
173 3790 12
174 3791 12
131 3792 12
132 3793 12
129 3794 12
130 3795 12
135 3796 12
136 3797 12
133 3798 12
134 3799 12
187 3800 12
188 3801 12
185 3802 12
186 3803 12
143 3804 12
128 3805 12
189 3806 12
190 3807 12
876 3808 12
877 3809 12
874 3810 12
875 3811 12
880 3812 12
881 3813 12
878 3814 12
879 3815 12
868 3816 12
869 3817 12
866 3818 12
867 3819 12
872 3820 12
528 3821 12
870 3822 12
871 3823 12
163 3824 12
164 3825 12
161 3826 12
162 3827 12
167 3828 12
168 3829 12
165 3830 12
166 3831 12
884 3832 12
885 3833 12
882 3834 12
883 3835 12
175 3836 12
160 3837 12
886 3838 12
887 3839 12
517 3840 12
518 3841 12
515 3842 12
516 3843 12
522 3844 12
523 3845 12
519 3846 12
521 3847 12
509 3848 12
510 3849 12
506 3850 12
508 3851 12
513 3852 12
514 3853 12
491 3854 12
512 3855 12
461 3856 12
462 3857 12
459 3858 12
460 3859 12
465 3860 12
467 3861 12
463 3862 12
464 3863 12
526 3864 12
527 3865 12
524 3866 12
525 3867 12
457 3868 12
458 3869 12
472 3870 12
456 3871 12
409 3872 12
410 3873 12
407 3874 12
408 3875 12
413 3876 12
414 3877 12
411 3878 12
412 3879 12
401 3880 12
402 3881 12
399 3882 12
400 3883 12
405 3884 12
406 3885 12
455 3886 12
404 3887 12
498 3888 12
499 3889 12
495 3890 12
496 3891 12
502 3892 12
504 3893 12
500 3894 12
501 3895 12
418 3896 12
419 3897 12
415 3898 12
416 3899 12
493 3900 12
494 3901 12
511 3902 12
492 3903 12
310 3904 12
312 3905 12
308 3906 12
309 3907 12
315 3908 12
316 3909 12
313 3910 12
314 3911 12
302 3912 12
286 3913 12
300 3914 12
301 3915 12
306 3916 12
307 3917 12
304 3918 12
305 3919 12
261 3920 12
262 3921 12
259 3922 12
260 3923 12
265 3924 12
266 3925 12
263 3926 12
264 3927 12
319 3928 12
270 3929 12
317 3930 12
318 3931 12
257 3932 12
258 3933 12
255 3934 12
256 3935 12
479 3936 12
480 3937 12
477 3938 12
478 3939 12
486 3940 12
487 3941 12
483 3942 12
485 3943 12
470 3944 12
471 3945 12
468 3946 12
469 3947 12
474 3948 12
476 3949 12
386 3950 12
473 3951 12
294 3952 12
295 3953 12
292 3954 12
293 3955 12
298 3956 12
299 3957 12
296 3958 12
297 3959 12
490 3960 12
303 3961 12
488 3962 12
489 3963 12
290 3964 12
291 3965 12
287 3966 12
289 3967 12
116 3968 12
117 3969 12
114 3970 12
115 3971 12
120 3972 12
121 3973 12
118 3974 12
119 3975 12
108 3976 12
109 3977 12
106 3978 12
107 3979 12
112 3980 12
113 3981 12
110 3982 12
95 3983 12
69 3984 12
70 3985 12
67 3986 12
68 3987 12
73 3988 12
74 3989 12
71 3990 12
72 3991 12
124 3992 12
125 3993 12
122 3994 12
123 3995 12
65 3996 12
66 3997 12
126 3998 12
80 3999 12
21 4000 12
22 4001 12
19 4002 12
20 4003 12
25 4004 12
26 4005 12
23 4006 12
24 4007 12
13 4008 12
14 4009 12
11 4010 12
12 4011 12
17 4012 12
18 4013 12
15 4014 12
64 4015 12
100 4016 12
101 4017 12
98 4018 12
99 4019 12
104 4020 12
105 4021 12
102 4022 12
103 4023 12
29 4024 12
30 4025 12
27 4026 12
28 4027 12
96 4028 12
97 4029 12
31 4030 12
111 4031 12
444 4032 12
445 4033 12
442 4034 12
443 4035 12
449 4036 12
450 4037 12
446 4038 12
448 4039 12
435 4040 12
436 4041 12
433 4042 12
434 4043 12
440 4044 12
441 4045 12
420 4046 12
439 4047 12
393 4048 12
394 4049 12
390 4050 12
392 4051 12
397 4052 12
398 4053 12
395 4054 12
396 4055 12
453 4056 12
454 4057 12
451 4058 12
452 4059 12
388 4060 12
389 4061 12
403 4062 12
387 4063 12
85 4064 12
86 4065 12
83 4066 12
84 4067 12
89 4068 12
90 4069 12
87 4070 12
88 4071 12
77 4072 12
78 4073 12
75 4074 12
76 4075 12
81 4076 12
82 4077 12
79 4078 12
254 4079 12
427 4080 12
428 4081 12
425 4082 12
426 4083 12
431 4084 12
432 4085 12
429 4086 12
430 4087 12
93 4088 12
94 4089 12
91 4090 12
92 4091 12
423 4092 12
424 4093 12
437 4094 12
422 4095 12
