1 2315535
2 2299946
3 2194402
4 2081336
5 2015194
6 2544755
7 2220641
8 2372421
9 87674
10 48622
11 60832
12 41949
13 1038696
14 1976929
15 2378090
16 2417738
17 50665
18 41469
19 38828
20 38949
21 1183369
22 1148860
23 1083162
24 1067244
25 57418
26 56032
27 41790
28 43967
29 706542
30 1091670
31 1161733
32 1192204
33 44658
34 38866
35 38896
36 38846
37 1185350
38 1139227
39 1070245
40 1096845
41 84490
42 43401
43 45353
44 47184
45 64662
46 65318
47 45715
48 43402
49 1400364
50 1332440
51 1308524
52 1171646
53 1070007
54 1307518
55 1249590
56 1398083
57 1034367
58 1242652
59 1012348
60 1041389
61 594841
62 1099707
63 1322869
64 1402470
65 1054235
66 976469
67 1000627
68 859917
69 1081987
70 1216196
71 1140222
72 1069261
73 51520
74 53511
75 38865
76 38706
77 964761
78 1135347
79 1146193
80 1198673
81 1207562
82 1118327
83 1090170
84 972079
85 1125974
86 1192932
87 1122311
88 1024422
89 58869
90 38892
91 39242
92 40899
93 81268
94 59822
95 48703
96 39112
97 680229
98 649830
99 659371
100 585946
101 584992
102 741818
103 657275
104 680421
105 518426
106 618879
107 598819
108 657460
109 303073
110 591853
111 669963
112 734316
113 519785
114 533044
115 537691
116 499071
117 734934
118 753164
119 649107
120 637847
121 471895
122 598386
123 536961
124 556533
125 576456
126 682347
127 742119
128 774973
129 582880
130 526198
131 539846
132 562200
133 680839
134 732101
135 699959
136 656146
137 492293
138 583423
139 599733
140 571980
141 573800
142 645576
143 607875
144 621057
145 383796
146 359883
147 345675
148 243429
149 301230
150 342158
151 353868
152 371002
153 268355
154 295047
155 304925
156 293744
157 153200
158 301267
159 368649
160 386709
161 280012
162 268889
163 250544
164 290506
165 368630
166 312397
167 266442
168 237906
169 250546
170 290221
171 292396
172 306434
173 319067
174 407110
175 340804
176 345942
177 296775
178 263478
179 292302
180 250487
181 379590
182 333742
183 297482
184 233422
185 346088
186 357899
187 335897
188 322156
189 219473
190 306198
191 306332
192 343503
193 163969
194 151612
195 116204
196 113906
197 150855
198 182140
199 151865
200 144169
201 125999
202 145946
203 150488
204 134354
205 76791
206 152014
207 180009
208 180728
209 126933
210 149940
211 126423
212 111212
213 181074
214 129365
215 106665
216 105660
217 127786
218 132800
219 147387
220 149890
221 158780
222 193203
223 152720
224 129696
225 142256
226 142008
227 134802
228 114142
229 173959
230 143151
231 111317
232 86680
233 152024
234 170825
235 162413
236 160383
237 126279
238 171515
239 166227
240 166693
241 46889
242 46576
243 45761
244 50777
245 58711
246 46690
247 47187
248 45461
249 47815
250 50191
251 52762
252 60114
253 30045
254 58322
255 56362
256 47202
257 55250
258 42087
259 52065
260 49104
261 49389
262 35045
263 42744
264 68966
265 48562
266 57948
267 53017
268 56948
269 59540
270 49286
271 47131
272 55343
273 61381
274 48017
275 47970
276 51013
277 49563
278 68671
279 51434
280 55159
281 56311
282 71820
283 63862
284 63062
285 59519
286 60064
287 65615
288 65547
289 22623
290 24509
291 22159
292 23181
293 29724
294 24640
295 22631
296 23571
297 22168
298 26164
299 26346
300 23435
301 15049
302 24019
303 22757
304 26031
305 27818
306 26469
307 27665
308 25254
309 21452
310 23786
311 22200
312 35340
313 23254
314 28862
315 28139
316 27864
317 25565
318 21378
319 18624
320 18599
321 24592
322 20688
323 26609
324 28042
325 21754
326 18401
327 34499
328 20609
329 33475
330 31757
331 30047
332 30710
333 29345
334 34083
335 35445
336 29618
337 10479
338 10504
339 11326
340 11180
341 11353
342 11576
343 10835
344 11023
345 12424
346 14142
347 14673
348 13372
349 7133
350 10854
351 10607
352 10294
353 11349
354 12280
355 11202
356 11844
357 10489
358 15796
359 13869
360 12224
361 9826
362 14139
363 13107
364 14226
365 11965
366 10899
367 11205
368 18353
369 13185
370 13543
371 11165
372 10221
373 10247
374 11785
375 12204
376 14452
377 14065
378 14589
379 15982
380 15037
381 11018
382 16860
383 14129
384 15403
